time Nt LCL median UCL
0 14034503.992087 13073338.1848561 13688262.8783359 14127208.596011
1000 14470083.4207136 13570596.2182569 14199548.9976101 14524533.803462
2000 14923206.4205223 13985128.0858002 14720657.2108415 15077585.4406811
3000 15394600.3159951 14414000.6580323 15181814.8935497 15718225.088829
4000 15885007.3790331 14862149.128297 15779386.8505434 16398477.2217771
5000 16395181.6858253 15325921.28968 16349067.3318834 17121477.9467033
6000 16925885.1868496 15756038.2734542 16947865.9437025 17890656.1348181
7000 17477882.864003 16202609.6662755 17577607.888987 18756757.7632475
8000 18051936.8342391 16666369.9287637 18240242.625546 19807828.4670606
9000 18648799.2440548 17148085.8309572 18949250.8100365 20960848.4764563
10000 19269203.7841635 17648557.2140852 19721437.2539439 22213894.1159427
11000 19913855.639357 18168617.6246843 20488093.5270641 23578338.268846
12000 20583419.6757696 18709134.7859631 21298697.495973 25067114.7463267
13000 21278506.6576589 19271010.8649178 22156533.4421835 26694958.3230168
14000 21999657.2799351 19855182.4862757 23065685.0170825 28478681.8686981
15000 22747323.8028877 20462620.435748 24038659.7997629 30437494.6734696
16000 23521849.0842701 21017980.6223662 25069360.1299463 32593365.2965459
17000 24323442.8239687 21584800.6314468 26161948.0598046 34971430.5044517
18000 25152154.8713313 22168300.1703285 27320912.8976128 37600448.4576199
19000 26007845.4987874 22768706.195975 28551096.3518604 40513288.2568593
20000 26890152.6220495 23386205.8462636 29857719.4583451 43747437.7521931
21000 27798456.0516303 24020940.0280438 31246411.5460802 47345494.8738616
22000 28731838.9973643 24672996.4279622 32723241.6332741 51355581.3582765
23000 29689047.2214324 25342401.9289033 34315767.3786848 55831576.9598459
24000 30668446.4494211 26029114.4201937 36023191.3056771 60833010.8914641
25000 31667978.9048022 26733013.9960962 37852819.8221197 66424357.9090415
26000 32685120.1286933 27453893.5445954 39815747.1061442 72673361.9735666
27000 33716837.5786261 28191448.7370651 41924260.2743771 79647847.9798636
28000 34759552.8566964 28945267.439087 44191987.3259225 87410292.4903159
29000 35809109.7815234 29714818.5734565 46634067.1343217 96009250.366096
30000 36860750.864576 30499440.4782345 49267345.9992052 105466680.226466
31000 37909105.0456598 31298328.8156251 52110606.6448731 115760484.166802
32000 38948189.742284 32110524.1015876 55184837.4719118 126802511.586032
33000 39971430.3238514 32934898.9416715 58513552.5612003 138414286.773304
34000 40971699.9810462 33770145.0760825 62123176.7230393 150306040.395598
35000 41941382.5719289 34614760.3572094 66043515.2325338 162068721.062444
36000 42872460.3465594 35467035.8069632 70308335.4231395 173191418.248715
37000 43756627.4570899 36325042.9309577 74956097.87569 183114133.751316
38000 44585428.8538895 37186621.5040247 80030889.6761766 191314354.242854
39000 45350422.5913042 38049368.0895493 85583632.5999948 206332452.940002
40000 46043361.8036337 38910625.6168254 90094784.0333992 223936683.540848
41000 46656390.7919339 39767474.4193931 93294492.7914615 241944354.437884
42000 47182247.952945 40616725.2361232 96249908.2712857 259835087.226491
43000 47614466.8742062 41454914.7975557 98912261.9030585 276776088.872617
44000 47947566.0068415 42278304.7624022 101240233.037129 291593742.335739
45000 48177217.0750919 43082884.9293771 103201689.987598 307374754.621633
46000 48300382.8985248 43864381.8187792 104774340.599929 320578097.515943
47000 48315416.6168735 44618273.8809691 105945251.823749 328416273.349045
48000 48222116.3511091 45339814.7217462 106735406.401814 330650833.313219
49000 48021731.9453133 46024065.8059709 103326240.956432 327941232.613976
50000 47716923.3721829 46665940.0716845 101457858.409486 321708722.946499
51000 47311673.364354 47260257.7141929 100984907.344195 332892089.481619
52000 46811159.5620971 47801815.0409602 100195879.305097 367478212.750945
53000 46221593.6888492 47381050.7010654 99106456.7811539 410336966.175874
54000 45550036.7932414 46099033.5272591 97731883.1252146 463567650.817992
55000 44804200.3352042 44921474.8354954 96764095.128895 529262317.033117
56000 43992242.8466792 43832741.4966463 97485203.7146283 609115638.293531
57000 43122571.153155 42818492.9737117 97840493.3561801 703566624.122179
58000 42203653.8534275 41865941.7893734 97828006.419274 810233956.685183
59000 41243853.1096917 40963929.8587611 97454589.8027088 921701527.899872
60000 40251278.9926285 38976672.7992181 94914381.4062357 1023706671.76886
61000 39233668.8325832 36757678.9968955 91770460.9108745 1097401690.31187
62000 38198292.3890053 34739482.6654606 88641721.323741 1123379529.04203
63000 37151882.2630719 32906460.3645103 85553412.047612 1093181368.73272
64000 36100587.8953933 31310405.0508882 82291136.2162315 1015159278.96183
65000 35049950.7250881 29921798.4196718 77641605.8949346 908348817.201365
66000 34004897.620706 28699434.8244154 72321324.3735843 792471010.780269
67000 32969749.4890235 27595516.2352382 67724571.052624 681494684.642188
68000 31963690.9559777 26292117.6713331 63766586.9990514 585951026.713731
69000 31042016.2328146 25141710.2798165 60321486.0347593 507035678.622833
70000 30200490.2970306 24120336.4734364 57295094.3958145 441722307.674024
71000 29430438.347584 23208863.1728114 54615418.0553354 387547361.377753
72000 28724449.7828498 22391831.5666609 52226389.7573943 342643421.650807
73000 28076159.4021653 21656619.0106367 50083640.5387528 304926277.136698
74000 27480072.7696217 20992820.818268 48151564.2146644 273041635.567506
75000 26931425.6997582 20391787.4380051 46401232.3461875 245912320.866655
76000 26426070.3535518 19846273.2841455 44808883.2415359 222681524.717556
77000 25960382.267438 19350167.0239372 43354807.3057391 202665930.513697
78000 25531183.983666 18898282.118616 42022511.6301478 185318302.357778
79000 25135681.9476657 18486192.504113 40798084.8948408 170198150.562405
80000 24771414.084639 18110102.4862264 39669708.3146027 156948923.99006
81000 24436206.0315015 17766742.8516088 38627274.6344074 145280331.23567
82000 24128134.4299652 17453287.2693224 37662088.1366598 134954633.836222
83000 23845496.0166074 17167284.5458305 36786608.2683303 125775994.272281
84000 23586781.5012784 16906603.3772813 36251948.3489237 117582167.734988
85000 23350653.4244649 16669387.037068 35753079.7085913 110237992.981974
86000 23135927.340742 16454016.0262201 35287539.2951596 103630267.370079
87000 22941555.7992215 16259077.1562744 34853130.8537868 97663690.5553326
88000 22766614.6904706 16083337.868941 34447891.979621 92257636.7687732
89000 22610291.6083715 15925724.8525418 34070066.1776275 87343572.5444064
90000 22471875.9391637 15785306.2122733 33718079.0761877 82862979.7559248
91000 22350750.4417339 15661276.6046005 33390518.1058462 78765676.2763784
92000 22246384.1256675 15552944.8663783 33086115.0845412 75008451.1434367
93000 22158326.2686257 15459723.7646187 32803731.2538225 71553949.7706705
94000 22086201.4438249 15381121.5691715 32542344.3929882 68522308.6784035
95000 22029705.4530109 15316735.2124894 32301037.7043288 67295312.8836394
96000 21988602.0813229 15266244.8515647 32078990.2162557 66129381.1951065
97000 21962720.6086352 15229409.6897532 31875468.4946919 65018463.4951598
98000 21951954.0280155 15206064.9526551 31689819.4888033 63957261.3749806
99000 21956257.9363996 15196119.944255 31521464.3665623 62941122.173722
1e+05 21975650.0759348 15199557.1385558 31369893.2200399 61965949.7364856
101000 22010210.5171285 15216432.2892671 31234660.5407162 61028128.97234
102000 22060082.4873373 15246875.5668765 31115381.3822914 60124461.8496097
103000 22125473.8606488 15291093.759797 31011728.1431003 59252112.9075569
104000 22206659.3382209 15349373.6054254 30923427.9128148 58408562.7163307
105000 22303983.3620777 15422086.3491842 30850260.3390839 57591567.999861
106000 22417863.8206622 15509693.6664669 30792055.9794603 57071721.3659368
107000 22548796.62165 15612755.1257145 30748695.1127071 56573797.8949731
108000 22697361.2272369 15731937.4229143 30720106.9916174 56079971.8082696
109000 22864227.2700674 15868025.6815736 30706269.5270572 55590259.6579193
110000 23050162.3950826 16021937.1915215 30707209.4002578 55104682.5323232
111000 23256041.5049399 16194738.0598062 30031667.1295693 54623265.2702763
112000 23482857.6257187 16387663.3742841 29361996.4116352 54146035.7656346
113000 23731734.6571574 16602141.6444827 28906064.2648896 53673024.3533252
114000 24003942.3299562 16839824.4975888 28527008.8247495 53204263.2685049
115000 24300913.7646898 17102622.8875195 28593669.6660399 52739786.1715749
116000 24624266.116443 17392751.4464972 28679016.4623979 52279627.7325544
117000 24975824.9014529 17712783.1061747 28783685.7703506 51823823.2690084
118000 25357652.7434557 18056237.0230461 28908425.2565181 51372408.4323372
119000 25772083.4569517 18253946.5462287 29054105.4914325 50925418.9377757
120000 26221762.6140741 18473062.9007041 29221734.0203494 50482890.3339252
121000 26709696.037219 18715402.3485341 29326920.6387345 50129493.2528567
122000 27239308.0429501 18983102.1111173 29111245.825598 49838710.0330715
123000 27814511.7640433 19248266.0904606 28904252.8833177 49557468.1927541
124000 28439794.5377543 19256361.2866619 28705721.0699499 49286344.6930918
125000 29120322.2282641 19284140.1576978 28515445.4804653 49025965.3964825
126000 29862067.5332544 19106386.5906183 28333236.3464873 48777012.2696624
127000 30671968.928598 18735038.2829624 28158918.4067365 48540233.7625364
128000 31558129.1056153 18386609.3604621 27992482.3406157 48326888.1204621
129000 32530064.8093505 18060401.0770036 27890632.7184836 48146995.336145
130000 33599024.2783408 17755826.0843771 28401984.8317631 48000500.3594902
131000 34778394.6003603 17472408.5030292 28965504.9830908 47887551.4663076
132000 36084230.1366028 17209785.6109278 29586277.8895306 47808512.1400779
133000 37535946.1474511 16967711.3306279 30273963.4511549 47763977.4767684
134000 39157241.1525629 16746061.7628096 30956516.4958412 47754795.9110166
135000 40977341.1083828 16547588.8921817 30822108.726633 47782097.3260619
136000 43005197.8881284 16376741.0608315 30764155.2852659 48113498.4271933
137000 45192208.0454913 16231065.0452697 30773661.7407658 49111569.0692114
138000 47550301.4163458 16108625.0801013 30872212.9815888 50370099.6633958
139000 50097789.0579178 16007759.21537 31016818.4423637 51818439.6173824
140000 52855497.5553674 15927038.4076309 31164642.3798381 53298493.4311625
141000 55847195.139564 15865233.0550202 31315766.0718957 54808445.0463524
142000 59100104.4013513 15751275.7442998 31470273.6195034 56693775.332625
143000 62645522.300056 15562780.6970798 31628252.0670866 59516274.3043777
144000 66519573.8961087 15388769.9684525 31789791.5290981 63261164.7848951
145000 70764133.7880091 15228338.8839002 31954985.3231529 67393599.8835468
146000 75427959.257093 15080683.469594 32123930.1101294 71972526.761631
147000 80568092.5397679 14945088.5817703 32296726.0416638 77068847.7991742
148000 86251607.7623264 14820917.8253322 32473476.9154956 82768436.2069328
149000 92557802.7622629 14707604.9660091 32654290.3391552 89176063.0766652
150000 99580970.0012586 14604646.5964364 32839277.9025181 96420560.0018997
151000 107433928.040956 14511595.8610172 33161868.6450876 104661675.380359
152000 116252561.5398 14428057.0799961 33547123.4519703 114099280.072043
153000 126201712.385742 14353681.1417803 33946488.2642532 124985873.438851
154000 137482901.090283 14288161.5557073 34360549.9253489 137668968.072464
155000 150344557.191795 14231231.0763253 34866069.6240072 152610046.862185
156000 165095733.72929 14182658.8257303 35558882.5207647 170289869.462594
157000 182124727.862117 14142247.8532935 36273182.6096499 191428652.166159
158000 201924716.016103 14109833.0827534 37009818.8605967 216994272.041398
159000 225129585.958527 14085279.6055934 37769675.9957719 248308109.701342
160000 252564864.439249 14068481.2872036 38553675.5633304 287205068.683125
161000 285321445.016489 14059359.6588331 39362776.9439721 336279637.119443
162000 324864525.52492 14057863.0739971 40197978.2673644 399269960.471893
163000 373198276.513403 14063966.1129969 41060317.2114439 481663227.629482
164000 433121188.658704 14077669.2237073 41950871.6529786 591647675.844943
165000 508633609.257107 14098998.5909153 42870760.1324866 741563521.303885
166000 605609825.009145 14128006.2303761 43586386.9196978 949881162.599039
167000 732948759.171788 14164770.3075 44016694.0544839 1242905879.07608
168000 904631218.382344 14209395.6842943 44464680.2764264 1651993844.2097
169000 1143587625.40931 14262014.7019588 44930947.6976487 2191782183.3498
170000 1489410405.66622 14322788.2104784 45416143.6115476 2791274944.02166
171000 2014831452.07043 14391906.8607689 45920963.7681898 3205263890.40648
172000 2863856330.65516 14469592.679537 46446156.0175995 3147273586.22499
173000 4348073649.3861 14556100.9521451 46992524.3652786 2663319974.93723
174000 7207645482.12904 14651722.4445681 47560933.491114 2062584982.7116
175000 13254951959.765 14756786.0021868 48152313.7908069 1550082283.17911
176000 24942182283.1836 14871661.570877 48767667.0083329 1169039398.89787
177000 30591120608.71 14996763.6949055 49408072.5390032 897303243.326849
178000 18785337582.0431 15132555.5568298 50074694.4957835 703795373.801404
179000 9830515031.63254 15279553.6373304 50768789.6470798 563980867.62101
180000 5612856126.24681 15438333.0881587 51491716.3527415 460926874.453335
181000 3539221152.68764 15609533.9297835 52244944.6472299 383364128.776754
182000 2410330019.4131 15793868.2076352 53030067.6455788 323805745.270902
183000 1738643209.17049 15992128.2680699 54202927.3209816 277218026.752773
184000 1309948820.95235 16205196.3485606 55601609.5498872 240558452.66817
185000 1020863017.88992 16434055.7177973 57124960.3962357 211606016.84515
186000 817203518.162094 16679803.6524409 58789869.7041006 188106565.674885
187000 668558824.305966 16851652.8145669 60616663.9930769 168825713.469232
188000 556863787.253801 16986218.7244503 61618312.3126069 152855379.254002
189000 470868504.911007 17131914.2181211 61368392.8034957 139516951.089871
190000 403283320.586995 17289597.8604941 61158403.97881 128472507.422523
191000 349222399.429201 17460237.5015541 61875515.1011764 119782373.183442
192000 305314567.819152 17644926.9197382 63090614.6695951 112863174.045164
193000 269174405.55892 17844905.6954595 63430385.7001761 108786096.080491
194000 239076376.549684 18061583.0623939 63149932.2277518 109858661.906464
195000 213747773.539836 18296566.6894647 62901874.0025506 112520393.020032
196000 192233529.161606 18551697.6173839 62689136.5330959 116888430.27758
197000 173805789.67908 18829092.9342848 62514393.7767955 121463462.635871
198000 157902108.297883 19131198.2597379 62381455.283886 126258094.963438
199000 144082370.891572 19460852.7645874 62324382.2844545 133380209.740872
2e+05 131998244.678995 19821370.3573667 62339885.4455054 142750649.050865
