time Nt LCL median UCL
0 14034503.992087 13073338.1848561 13688262.8783359 14127208.596011
1000 14470083.4207136 13570596.2182569 14199548.9976101 14524533.803462
2000 14923206.4205223 13985128.0858002 14720657.2108415 15077585.4406811
3000 15394600.3159951 14414000.6580323 15181814.8935497 15718225.088829
4000 15885007.3790331 14862149.128297 15779386.8505434 16398477.2217771
5000 16395181.6858253 15325921.28968 16349067.3318834 17121477.9467033
6000 16925885.1868496 15756038.2734542 16947865.9437025 17890656.1348181
7000 17477882.864003 16202609.6662755 17577607.888987 18756757.7632475
8000 18051936.8342391 16666369.9287637 18240242.625546 19807828.4670606
9000 18648799.2440548 17148085.8309572 18949250.8100365 20960848.4764563
10000 19269203.7841635 17648557.2140852 19721437.2539439 22213894.1159427
11000 19913855.639357 18168617.6246843 20488093.5270641 23578338.268846
12000 20583419.6757696 18709134.7859631 21298697.495973 25067114.7463267
13000 21278506.6576589 19271010.8649178 22156533.4421835 26694958.3230168
14000 21999657.2799351 19855182.4862757 23065685.0170825 28478681.8686981
15000 22747323.8028877 20462620.435748 24038659.7997629 30437494.6734696
16000 23521849.0842701 21017980.6223662 25069360.1299463 32593365.2965459
17000 24323442.8239687 21584800.6314468 26161948.0598046 34971430.5044517
18000 25152154.8713313 22168300.1703285 27320912.8976128 37600448.4576199
19000 26007845.4987874 22768706.195975 28551096.3518604 40513288.2568593
20000 26890152.6220495 23386205.8462636 29857719.4583451 43747437.7521931
21000 27798456.0516303 24020940.0280438 31246411.5460802 47345494.8738616
22000 28731838.9973643 24672996.4279622 32723241.6332741 51355581.3582765
23000 29689047.2214324 25342401.9289033 34315767.3786848 55831576.9598459
24000 30668446.4494211 26029114.4201937 36023191.3056771 60833010.8914641
25000 31667978.9048022 26733013.9960962 37852819.8221197 66424357.9090415
26000 32685120.1286933 27453893.5445954 39815747.1061442 72673361.9735666
27000 33716837.5786261 28191448.7370651 41924260.2743771 79647847.9798636
28000 34759552.8566964 28945267.439087 44191987.3259225 87410292.4903159
29000 35809109.7815234 29714818.5734565 46634067.1343217 96009250.366096
30000 36860750.864576 30499440.4782345 49267345.9992052 105466680.226466
31000 37909105.0456598 31298328.8156251 52110606.6448731 115760484.166802
32000 38948189.742284 32110524.1015876 55184837.4719118 126802511.586032
33000 39971430.3238514 32934898.9416715 58513552.5612003 138414286.773304
34000 40971699.9810462 33770145.0760825 62123176.7230393 150306040.395598
35000 41941382.5719289 34614760.3572094 66043515.2325338 162068721.062444
36000 42872460.3465594 35467035.8069632 70308335.4231395 173191418.248715
37000 43756627.4570899 36325042.9309577 74956097.87569 183114133.751316
38000 44585428.8538895 37186621.5040247 80030889.6761766 191314354.242854
39000 45350422.5913042 38049368.0895493 85583632.5999948 206332452.940002
40000 46043361.8036337 38910625.6168254 90094784.0333992 223936683.540848
41000 46656390.7919339 39767474.4193931 93294492.7914615 241944354.437884
42000 47182247.952945 40616725.2361232 96249908.2712857 259835087.226491
43000 47614466.8742062 41454914.7975557 98912261.9030585 276776088.872617
44000 47947566.0068415 42278304.7624022 101240233.037129 291593742.335739
45000 48177217.0750919 43082884.9293771 103201689.987598 307374754.621633
46000 48300382.8985248 43864381.8187792 104774340.599929 320578097.515943
47000 48315416.6168735 44618273.8809691 105945251.823749 328416273.349045
48000 48222116.3511091 45339814.7217462 106735406.401814 330650833.313219
49000 48021731.9453133 46024065.8059709 103326240.956432 327941232.613976
50000 47716923.3721829 46665940.0716845 101457858.409486 321708722.946499
51000 47311673.364354 47260257.7141929 100984907.344195 332892089.481619
52000 46811159.5620971 47801815.0409602 100195879.305097 367478212.750945
53000 46221593.6888492 47381050.7010654 99106456.7811539 410336966.175874
54000 45550036.7932414 46099033.5272591 97731883.1252146 463567650.817992
55000 44804200.3352042 44921474.8354954 96764095.128895 529262317.033117
56000 43992242.8466792 43832741.4966463 97485203.7146283 609115638.293531
57000 43122571.153155 42818492.9737117 97840493.3561801 703566624.122179
58000 42203653.8534275 41865941.7893734 97828006.419274 810233956.685183
59000 41243853.1096917 40963929.8587611 97454589.8027088 921701527.899872
60000 40251278.9926285 38976672.7992181 94914381.4062357 1023706671.76886
61000 39233668.8325832 36757678.9968955 91770460.9108745 1097401690.31187
62000 38198292.3890053 34739482.6654606 88641721.323741 1123379529.04203
63000 37151882.2630719 32906460.3645103 85553412.047612 1093181368.73272
64000 36100587.8953933 31310405.0508882 82291136.2162315 1015159278.96183
65000 35049950.7250881 29921798.4196718 77641605.8949346 908348817.201365
66000 34004897.620706 28699434.8244154 72321324.3735843 792471010.780269
67000 32969749.4890235 27595516.2352382 67724571.052624 681494684.642188
68000 31963690.9559777 26292117.6713331 63766586.9990514 585951026.713731
69000 31042016.2328146 25141710.2798165 60321486.0347593 507035678.622833
70000 30200490.2970306 24120336.4734364 57295094.3958145 441722307.674024
71000 29430438.347584 23208863.1728114 54615418.0553354 387547361.377753
72000 28724449.7828498 22391831.5666609 52226389.7573943 342643421.650807
73000 28076159.4021653 21656619.0106367 50083640.5387528 304926277.136698
74000 27480072.7696217 20992820.818268 48151564.2146644 273041635.567506
75000 26931425.6997582 20391787.4380051 46401232.3461875 245912320.866655
76000 26426070.3535518 19846273.2841455 44808883.2415359 222681524.717556
77000 25960382.267438 19350167.0239372 43354807.3057391 202665930.513697
78000 25531183.983666 18898282.118616 42022511.6301478 185318302.357778
79000 25135681.9476657 18486192.504113 40798084.8948408 170198150.562405
80000 24771414.084639 18110102.4862264 39669708.3146027 156948923.99006
81000 24436206.0315015 17766742.8516088 38627274.6344074 145280331.23567
82000 24128134.4299652 17453287.2693224 37662088.1366598 134954633.836222
83000 23845496.0166074 17167284.5458305 36786608.2683303 125775994.272281
84000 23586781.5012784 16906603.3772813 36251948.3489237 117582167.734988
85000 23350653.4244649 16669387.037068 35753079.7085913 110237992.981974
86000 23135927.340742 16454016.0262201 35287539.2951596 103630267.370079
87000 22941555.7992215 16259077.1562744 34853130.8537868 97663690.5553326
88000 22766614.6904706 16083337.868941 34447891.979621 92257636.7687732
89000 22610291.6083715 15925724.8525418 34070066.1776275 87343572.5444064
90000 22471875.9391637 15785306.2122733 33718079.0761877 82862979.7559248
91000 22350750.4417339 15661276.6046005 33390518.1058462 78765676.2763784
92000 22246384.1256675 15552944.8663783 33086115.0845412 75008451.1434367
93000 22158326.2686257 15459723.7646187 32803731.2538225 71553949.7706705
94000 22086201.4438249 15381121.5691715 32542344.3929882 68522308.6784035
95000 22029705.4530109 15316735.2124894 32301037.7043288 67295312.8836394
96000 21988602.0813229 15266244.8515647 32078990.2162557 66129381.1951065
97000 21962720.6086352 15229409.6897532 31875468.4946919 65018463.4951598
98000 21951954.0280155 15206064.9526551 31689819.4888033 63957261.3749806
99000 21956257.9363996 15196119.944255 31521464.3665623 62941122.173722
1e+05 21975650.0759348 15199557.1385558 31369893.2200399 61965949.7364856
101000 22010210.5171285 15216432.2892671 31234660.5407162 61028128.97234
102000 22060082.4873373 15246875.5668765 31115381.3822914 60124461.8496097
103000 22125473.8606488 15291093.759797 31011728.1431003 59252112.9075569
104000 22206659.3382209 15349373.6054254 30923427.9128148 58408562.7163307
105000 22303983.3620777 15422086.3491842 30850260.3390839 57591567.999861
106000 22417863.8206622 15509693.6664669 30792055.9794603 57071721.3659368
107000 22548796.62165 15612755.1257145 30748695.1127071 56573797.8949731
108000 22697361.2272369 15731937.4229143 30720106.9916174 56079971.8082696
109000 22864227.2700674 15868025.6815736 30706269.5270572 55590259.6579193
110000 23050162.3950826 16021937.1915215 30707209.4002578 55104682.5323232
111000 23256041.5049399 16194738.0598062 30031667.1295693 54623265.2702763
112000 23482857.6257187 16387663.3742841 29361996.4116352 54146035.7656346
113000 23731734.6571574 16602141.6444827 28906064.2648896 53673024.3533252
114000 24003942.3299562 16839824.4975888 28527008.8247495 53204263.2685049
115000 24300913.7646898 17102622.8875195 28593669.6660399 52739786.1715749
116000 24624266.116443 17392751.4464972 28679016.4623979 52279627.7325544
117000 24975824.9014529 17712783.1061747 28783685.7703506 51823823.2690084
118000 25357652.7434557 18056237.0230461 28908425.2565181 51372408.4323372
119000 25772083.4569517 18253946.5462287 29054105.4914325 50925418.9377757
120000 26221762.6140741 18473062.9007041 29221734.0203494 50482890.3339252
121000 26709696.037219 18715402.3485341 29326920.6387345 50129493.2528567
122000 27239308.0429501 18983102.1111173 29111245.825598 49838710.0330715
123000 27814511.7640433 19248266.0904606 28904252.8833177 49557468.1927541
124000 28439794.5377543 19256361.2866619 28705721.0699499 49286344.6930918
125000 29120322.2282641 19284140.1576978 28515445.4804653 49025965.3964825
126000 29862067.5332544 19106386.5906183 28333236.3464873 48777012.2696624
127000 30671968.928598 18735038.2829624 28158918.4067365 48540233.7625364
128000 31558129.1056153 18386609.3604621 27992482.3406157 48326888.1204621
129000 32530064.8093505 18060401.0770036 27890632.7184836 48146995.336145
130000 33599024.2783408 17755826.0843771 28401984.8317631 48000500.3594902
131000 34778394.6003603 17472408.5030292 28965504.9830908 47887551.4663076
132000 36084230.1366028 17209785.6109278 29586277.8895306 47808512.1400779
133000 37535946.1474511 16967711.3306279 30273963.4511549 47763977.4767684
134000 39157241.1525629 16746061.7628096 30956516.4958412 47754795.9110166
135000 40977341.1083828 16547588.8921817 30822108.726633 47782097.3260619
136000 43005197.8881284 16376741.0608315 30764155.2852659 48113498.4271933
137000 45192208.0454913 16231065.0452697 30773661.7407658 49111569.0692114
138000 47550301.4163458 16108625.0801013 30872212.9815888 50370099.6633958
139000 50097789.0579178 16007759.21537 31016818.4423637 51818439.6173824
140000 52855497.5553674 15927038.4076309 31164642.3798381 53298493.4311625
141000 55847195.139564 15865233.0550202 31315766.0718957 54808445.0463524
142000 59100104.4013513 15751275.7442998 31470273.6195034 56693775.332625
143000 62645522.300056 15562780.6970798 31628252.0670866 59516274.3043777
144000 66519573.8961087 15388769.9684525 31789791.5290981 63261164.7848951
145000 70764133.7880091 15228338.8839002 31954985.3231529 67393599.8835468
146000 75427959.257093 15080683.469594 32123930.1101294 71972526.761631
147000 80568092.5397679 14945088.5817703 32296726.0416638 77068847.7991742
148000 86251607.7623264 14820917.8253322 32473476.9154956 82768436.2069328
149000 92557802.7622629 14707604.9660091 32654290.3391552 89176063.0766652
150000 99580970.0012586 14604646.5964364 32839277.9025181 96420560.0018997
151000 107433928.040956 14511595.8610172 33161868.6450876 104661675.380359
152000 116252561.5398 14428057.0799961 33547123.4519703 114099280.072043
153000 126201712.385742 14353681.1417803 33946488.2642532 124985873.438851
154000 137482901.090283 14288161.5557073 34360549.9253489 137668968.072464
155000 150344557.191795 14231231.0763253 34866069.6240072 152610046.862185
156000 165095733.72929 14182658.8257303 35558882.5207647 170289869.462594
157000 182124727.862117 14142247.8532935 36273182.6096499 191428652.166159
158000 201924716.016103 14109833.0827534 37009818.8605967 216994272.041398
159000 225129585.958527 14085279.6055934 37769675.9957719 248308109.701342
160000 252564864.439249 14068481.2872036 38553675.5633304 287205068.683125
161000 285321445.016489 14059359.6588331 39362776.9439721 336279637.119443
162000 324864525.52492 14057863.0739971 40197978.2673644 399269960.471893
163000 373198276.513403 14063966.1129969 41060317.2114439 481663227.629482
164000 433121188.658704 14077669.2237073 41950871.6529786 591647675.844943
165000 508633609.257107 14098998.5909153 42870760.1324866 741563521.303885
166000 605609825.009145 14128006.2303761 43586386.9196978 949881162.599039
167000 732948759.171788 14164770.3075 44016694.0544839 1242905879.07608
168000 904631218.382344 14209395.6842943 44464680.2764264 1651993844.2097
169000 1143587625.40931 14262014.7019588 44930947.6976487 2191782183.3498
170000 1489410405.66622 14322788.2104784 45416143.6115476 2791274944.02166
171000 2014831452.07043 14391906.8607689 45920963.7681898 3205263890.40648
172000 2863856330.65516 14469592.679537 46446156.0175995 3147273586.22499
173000 4348073649.3861 14556100.9521451 46992524.3652786 2663319974.93723
174000 7207645482.12904 14651722.4445681 47560933.491114 2062584982.7116
175000 13254951959.765 14756786.0021868 48152313.7908069 1550082283.17911
176000 24942182283.1836 14871661.570877 48767667.0083329 1169039398.89787
177000 30591120608.71 14996763.6949055 49408072.5390032 897303243.326849
178000 18785337582.0431 15132555.5568298 50074694.4957835 703795373.801404
179000 9830515031.63254 15279553.6373304 50768789.6470798 563980867.62101
180000 5612856126.24681 15438333.0881587 51491716.3527415 460926874.453335
181000 3539221152.68764 15609533.9297835 52244944.6472299 383364128.776754
182000 2410330019.4131 15793868.2076352 53030067.6455788 323805745.270902
183000 1738643209.17049 15992128.2680699 54202927.3209816 277218026.752773
184000 1309948820.95235 16205196.3485606 55601609.5498872 240558452.66817
185000 1020863017.88992 16434055.7177973 57124960.3962357 211606016.84515
186000 817203518.162094 16679803.6524409 58789869.7041006 188106565.674885
187000 668558824.305966 16851652.8145669 60616663.9930769 168825713.469232
188000 556863787.253801 16986218.7244503 61618312.3126069 152855379.254002
189000 470868504.911007 17131914.2181211 61368392.8034957 139516951.089871
190000 403283320.586995 17289597.8604941 61158403.97881 128472507.422523
191000 349222399.429201 17460237.5015541 61875515.1011764 119782373.183442
192000 305314567.819152 17644926.9197382 63090614.6695951 112863174.045164
193000 269174405.55892 17844905.6954595 63430385.7001761 108786096.080491
194000 239076376.549684 18061583.0623939 63149932.2277518 109858661.906464
195000 213747773.539836 18296566.6894647 62901874.0025506 112520393.020032
196000 192233529.161606 18551697.6173839 62689136.5330959 116888430.27758
197000 173805789.67908 18829092.9342848 62514393.7767955 121463462.635871
198000 157902108.297883 19131198.2597379 62381455.283886 126258094.963438
199000 144082370.891572 19460852.7645874 62324382.2844545 133380209.740872
2e+05 131998244.678995 19821370.3573667 62339885.4455054 142750649.050865
201000 121371160.617171 20216641.9224025 61693053.3037348 153057035.789061
202000 111976213.312455 20651248.6157455 59902045.8525639 164402653.974035
203000 103630230.182559 21123806.3645482 59214336.0497835 176897523.946119
204000 96194437.0551188 21621379.0483075 59113530.653647 190672972.565238
205000 89761927.459115 22144803.1548538 59130589.8818123 205842429.228784
206000 84222652.940631 22695801.7340257 59253661.9015149 222495992.974199
207000 79404529.9524113 23276225.7489537 59472264.4076447 240689712.289861
208000 75177061.1175065 23888063.5696598 59776936.5362089 260421835.402245
209000 71439490.3935572 24533450.9438841 60158958.6409508 281601066.868742
210000 68112788.5815766 25214681.3878944 60610124.9073167 304007166.859842
211000 65134097.9991618 25934216.9081936 61122558.4146802 327247024.310031
212000 62452798.8203644 26694698.9235377 61688561.6312551 350713953.776177
213000 60027670.4271743 27498959.2030287 62300497.8138294 373564032.710027
214000 57824807.9222907 28350030.5671925 62950700.6247968 394728772.869787
215000 55816069.3801351 29157783.2342644 63631410.6186417 412983988.88579
216000 53977902.5321685 30012769.3347382 64001300.3442349 427084867.514282
217000 52290446.9497305 30589196.4522088 63395577.1031395 435954371.873746
218000 50736839.1006888 30390679.4805851 62783435.8686401 438882497.940247
219000 49302668.741519 30073800.4530748 62166790.4379606 435674199.274237
220000 47975549.5458991 29779932.1515709 61547931.4860911 426691688.15188
221000 46744776.9131923 29507660.3715557 60929459.2678679 412774530.244235
222000 45601052.9844502 29255725.6114441 60314223.1665385 395068502.422586
223000 44536263.957234 29023006.0259369 59705268.6362612 374823608.452037
224000 43543298.4543139 28808502.8372987 59105791.9988853 353219478.036959
225000 42615898.3823631 28611327.8268145 58519103.4487193 331251334.655281
226000 41748535.6995262 28430692.5964277 57948598.5119144 309680863.698137
227000 40936309.9915886 28265899.3453203 57397738.1153524 289037429.350627
228000 40174862.8727404 28116332.9507174 56870037.3562334 269649083.293196
229000 39460306.07567 27981454.1786318 57298513.8400351 251685531.197411
230000 38789160.7463503 27860793.8802766 58045063.5084557 235201245.532356
231000 38158305.9614642 27753948.0547685 58869170.6950664 231807275.195001
232000 37564934.8774742 27660573.6795674 59773896.0633805 228663854.810381
233000 37006517.2267043 27580385.2276577 61036912.6248055 225690899.53516
234000 36480767.1173786 27513151.8054552 63111733.4584168 222851232.628548
235000 35985615.286222 27458694.8583377 65304353.9377729 220108361.254636
236000 35519185.1051848 27416886.402011 67612729.4424117 217428310.720612
237000 35079771.76659 27387647.7479894 68324105.7883499 214780682.11967
238000 34665824.1700267 27370948.7006133 68179340.2811626 212139177.325644
239000 34275929.1145978 27366807.211523 68079903.2332902 209481768.215718
240000 33908797.4655452 27375289.4856031 68034994.3184095 206790634.370683
241000 33563252.017821 27396510.540334 68054775.7686463 204124171.085857
242000 33238216.8231897 27430635.2284691 68150590.2146862 203688283.841081
243000 32932707.7837993 27477879.7422159 68335246.0320168 203028948.90325
244000 32645824.3452878 27538513.6258796 68623390.9333506 202141560.582521
245000 32376742.1475792 27612862.333487 69032002.86213 201021333.864208
246000 32124706.5124784 27701310.3785423 67835573.9391396 199663690.726266
247000 31889026.6647557 27804305.1351119 65040304.2866625 198064803.964221
248000 31669070.598208 27922361.3632987 62418636.172209 196222265.171327
249000 31464260.5106846 28056066.5483307 59955136.9293062 194135816.268867
250000 31274068.7426677 28206087.1615545 57636156.0281864 191808061.387856
251000 31098014.1630152 28373175.9743199 55449590.3116676 189245064.353568
252000 30935658.9531772 28558180.582996 53384680.6033301 186456741.473599
253000 30786605.7477993 28725034.0461709 51431836.0196479 183456981.289085
254000 30650495.0953075 28715035.7496945 49582482.5142792 180263459.321451
255000 30527003.206978 28710567.2629217 47828932.4700286 177312053.255694
256000 30415839.967251 28712038.4278453 46164272.4784254 176530971.099889
257000 30316747.1817641 28478967.1946377 44584149.0420778 175972710.20302
258000 30229497.0428296 28239347.3612484 43706159.5693157 175681163.506171
259000 30153890.7949485 27879455.9265956 43294923.0227332 175704273.972696
260000 30089757.5854952 27392940.823462 42830787.5800829 180816260.737063
261000 30036953.4879782 26938021.2052909 42303163.9964116 193056524.667902
262000 29995360.6873294 26512041.2749381 41815192.4505854 206910931.324502
263000 29964886.8185339 26112651.6933951 41367657.3451118 222582451.576402
264000 29945464.4516233 25737767.5600591 40961316.633452 240281299.473936
265000 29937050.7176475 25385533.170994 40252998.983886 260212012.477759
266000 29939627.0717406 25054292.3165311 39124196.8992348 282551535.093064
267000 29953199.1908304 24742563.1319584 38056857.0935701 307414540.489312
268000 29977797.0049386 24448126.7102686 37927744.3963026 334801935.631288
269000 30013474.8623921 24060174.6061209 38039314.6277074 364529606.942206
270000 30060311.8306527 23698725.1009052 38229713.7159934 396138513.197094
271000 30118412.135879 23361861.9295456 38502850.1920083 428796173.222935
272000 30187905.7458009 23047880.5097508 38864089.4843976 461212322.726926
273000 30268685.7650688 22755260.5550421 39320494.6590423 491615422.23745
274000 30354816.5331164 22482643.0233511 39881158.1195807 517856917.842762
275000 30443813.6755506 22228810.6168104 40273503.2122131 537656634.524565
276000 30535723.371638 21992671.2095297 40247271.2944057 549000794.517216
277000 30630593.7244379 21773243.7046583 40228926.3539761 550589182.048326
278000 30728474.8279018 21569645.9190186 39508459.1516136 542166489.662128
279000 30829418.8375761 21381084.1697241 38582241.6441397 524591259.607809
280000 30933480.0451028 21206844.2973963 37729448.4043804 499609773.008822
281000 31040714.9567306 21046283.9085293 36942710.750108 469439313.138872
282000 31151182.3760592 20898825.6579842 36215686.7416016 436330393.347807
283000 31264943.4912588 20763951.4235924 35542888.4876968 402242539.516798
284000 31382061.9670207 20641197.2500266 34919543.6672615 368682379.643915
285000 31502604.0415144 20530148.9596574 34341483.5776707 336680471.991513
286000 31626638.6286462 20430438.3450175 33805051.9430593 306852773.125054
287000 31754237.4259334 20341739.8714772 33307030.1115258 279495956.670621
288000 31885475.0283342 20263767.8303726 32844575.296852 255392010.868066
289000 32020429.0483929 20196273.8925857 32415169.2827101 234609985.543137
290000 32159180.2430915 20139045.0208144 32016575.5792229 216193720.746984
291000 32301812.6478226 20091901.7057842 31646803.4546999 199950178.510287
292000 32448413.7179332 20054696.4976849 31304077.596003 185671488.689072
293000 32599074.478319 20027312.8093477 30986812.4055478 173151274.090581
294000 32753889.6815876 20009663.9722844 30693590.1404508 162193687.374614
295000 32912957.9753453 20001692.5308131 30423142.253703 152617697.511548
296000 33076382.0792077 20003369.7632123 30174333.4187409 144258419.596467
297000 33244268.9721779 20014695.4222809 29946147.8150615 139105093.07171
298000 33416730.0910877 20035697.6909113 29737677.3292887 142065504.817418
299000 33593881.54085 20066433.3513961 29548111.3877039 145315501.36863
3e+05 33775844.3173325 20101383.3747814 29376728.1859845 148770187.231107
301000 33962744.5437243 20140490.9722026 29222887.1222882 152337016.323214
302000 34154713.7213402 20191088.6191879 29086022.2728276 155915716.09532
303000 34351888.9958817 20253346.1589696 28965636.7762162 159399115.338961
304000 34554413.4402607 20327475.2668688 28861298.0153271 162675038.872292
305000 34762436.3551799 20413731.2915539 28772633.5041102 165629344.163202
306000 34976113.5887681 20512415.5133883 28699327.4025247 168150042.048917
307000 35195607.8766757 20623877.8580654 28641117.5960316 170132275.427593
308000 35421089.204157 20748520.1124644 28620311.2872794 171483751.00115
309000 35652735.1917996 20886799.6997266 28633100.0971261 172130068.172429
310000 35890731.506704 21030224.2073563 28658283.0915762 172019309.507013
311000 36135272.301077 21057206.3445514 28695828.9651047 171125283.708618
312000 36386560.6803801 21060555.0423807 28745743.9902149 169448956.736915
313000 36644809.2033648 21073240.8061461 28808071.6377405 167017849.567276
314000 36910240.4165415 21095393.8118641 28882892.4989206 163883472.635472
315000 37183087.4258647 21127178.8417006 28970324.5047985 160417535.467941
316000 37463594.5086774 21168797.6576686 29070523.443111 156460173.373025
317000 37752017.7692452 21215481.4457554 29183683.7774091 152016859.333888
318000 38048625.8415308 21269681.2193172 29310039.7778069 147188656.254453
319000 38353700.643213 21333319.0922516 29449866.9776067 142074752.446296
320000 38667538.1853476 21406652.3134846 29603483.9752204 136768556.129477
321000 38990449.4425063 21489976.1871592 29771254.6064393 131354878.529558
322000 39322761.288712 21582079.5207541 29953590.5183383 125908191.260155
323000 39664817.5050381 21678574.0358541 30150954.1831259 120491835.888805
324000 40016979.8653378 21779022.8289959 30056085.7104974 115158003.018224
325000 40379629.3072505 21883273.0891967 29712075.9102323 109948278.561132
326000 40753167.1963888 21991178.7119354 29412494.9722411 104894564.906848
327000 41138016.6924575 22102601.7241688 29649929.976026 100020212.397825
328000 41534624.2270087 22217413.8932701 29935671.9811172 95341231.8282027
329000 41943461.1036094 22335498.5170349 30237826.0045908 90867494.3251955
330000 42365025.2324027 22386886.9188282 30557231.260572 86603856.6578801
331000 42799843.0124027 22323868.5870132 30762026.422418 82551175.7512773
332000 43248471.3764009 22276337.6182236 30645375.0618039 78707195.5863884
333000 43711500.0150981 22243642.5932224 30549454.3749927 75068217.1707873
334000 44189553.7990448 22223274.6933645 30474773.8038134 71630075.2355262
335000 44683295.4192093 22208897.2959636 30869232.6491493 68521065.7559377
336000 45193428.2695362 22199526.2798388 31258624.1611184 65697263.5319607
337000 45720699.597754 22194609.7001286 31632981.4345847 63054544.2629864
338000 46265903.9540016 22193649.7935004 31796072.3177206 60584526.4747531
339000 46829886.9706241 22196196.2866211 31702022.995269 58278914.5261856
340000 47413549.5108325 22045374.7049231 31605358.4777824 56129458.2961849
341000 48017852.228901 21848925.7865009 31505207.5533021 54120508.1693938
342000 48643820.5903169 21666885.237602 31400744.6017987 52239620.3065233
343000 49281958.7715437 21498359.7254932 31291194.0428519 50478457.125924
344000 49899426.4836647 21342543.8705532 31175834.7183848 48829055.5123281
345000 50491672.1446143 21198711.0330532 31054004.1000922 47283841.9381097
346000 51056333.8214478 21066205.3401981 30925102.2124039 45837338.0366177
347000 51591075.7551338 20944434.7720274 30788595.1659238 44519936.2632173
348000 52093609.3546003 20831170.7096762 30644018.2033676 43875529.6742944
349000 52561714.9919506 20643847.1206961 30490978.1700244 44064096.2320041
350000 52993264.2704621 20469986.3479839 30407265.254479 44272663.0960054
351000 53386242.398302 20309013.5401395 30345800.323121 44526882.7129364
352000 53738770.270106 20160410.2360689 30261217.249108 45086508.8296181
353000 54049125.8376169 20023709.7818432 30153882.390847 45624827.8126774
354000 54315764.3411749 19898493.3263886 30024261.7442323 46139843.4751807
355000 54537336.9772734 19784386.3279328 29872915.9874121 46629572.9947924
356000 54712707.5944367 19681055.5136742 29700494.5569237 47092062.5260027
357000 54840967.0405154 19588206.2440861 29507728.8696561 47525403.5620015
358000 54921444.8286655 19505580.2409188 29156048.4827932 47927749.8547764
359000 54953717.8456267 19432953.6445553 28639316.0027853 48297334.6722114
360000 54937615.8926671 19370135.3721057 28138937.4594717 48632488.1436917
361000 54873223.9243582 19316965.7526516 27653499.4230943 48931654.4222707
362000 54760880.9303821 19273315.4205223 27181796.9084321 49193408.373137
363000 54601175.4877638 19239084.4515013 26722803.1468554 49416471.4862042
364000 54394938.0920329 19214201.7305485 26275643.6940139 49599726.7062959
365000 54143230.4527004 19198624.543044 25839574.1790404 49742231.8785649
366000 53847332.0081621 19177219.2520428 25413961.1350324 49843231.5201261
367000 53508723.9751995 19091071.9329852 24998265.4545993 49902166.6517051
368000 53129071.2966513 19012446.8114025 24601093.930781 49918682.4552634
369000 52710202.8862124 18941209.7313644 24378030.5190415 49892633.5644843
370000 52254090.5909843 18877246.396114 24163747.1330811 49824086.8436095
371000 51762827.3003198 18820461.9318117 23957563.9738195 49713321.5649235
372000 51238604.6242673 18770780.5927363 23758861.0775559 49560826.9542986
373000 50683690.5476615 18728145.6075375 23567072.2650425 49367297.1354772
374000 50100407.4381994 18692519.1682254 23381679.8263232 49133623.5648467
375000 49491110.7505746 18663882.5657713 23202209.8379175 48860885.1069811
376000 48858168.7259804 18642236.4785537 23028228.0251635 48550335.9549228
377000 48203943.3391751 18627601.4224616 22859336.095966 48203391.6460256
378000 47530772.6958966 18560180.7483139 22695168.4833424 47821613.462496
379000 46840955.0336455 18439758.483297 22535389.4434621 47406691.534324
380000 46136734.4304253 18323764.9037928 22379690.4636478 46960426.9803411
381000 45420288.2803539 18212230.3881267 22227787.9413436 46484713.430471
382000 44693716.553268 18105183.8157609 22169243.3367481 45981518.2691193
383000 43959032.8183353 18002652.6584032 22077951.3540953 45452863.926838
384000 43218156.979786 17904663.1221896 21995223.5820045 44900809.5260071
385000 42472909.6464135 17739982.1101137 21915374.5818086 44327433.1577309
386000 41725008.035471 17480000.5020596 21838126.2408436 43734815.0330436
387000 40976063.2958226 17224534.9230678 21763643.5160047 43125021.7135618
388000 40227579.124333 16978940.0995135 21692064.013582 42500091.5865933
389000 39480951.5430452 16750411.707026 21559329.5005746 41862021.7089946
390000 38737469.7021709 16537816.1411188 21142930.1110643 41212756.1042152
391000 37998317.5747273 16340066.4389028 20742813.7661304 40554175.5591662
392000 37264576.4122278 16156191.5825472 20358162.1732763 39888088.9328088
393000 36537227.8366039 15985322.4699259 19988241.9965685 39216225.9573821
394000 35817157.4509859 15826679.9468034 19632392.5541256 38540231.4864662
395000 35105158.8606127 15679564.5606869 19290015.6334071 37861661.1218483
396000 34401938.0045526 15543347.7595386 18960567.0399483 37334696.4135387
397000 33708117.7087427 15392684.3238328 18663141.3687362 36824231.0398076
398000 33024242.3807685 15237596.8200666 18447716.7323307 36313512.3430736
399000 32350782.7765785 15091259.8625561 18269867.8833124 35803607.9668516
4e+05 31688140.7787508 14945820.5088611 18098610.2098327 35295499.6416926
401000 31036654.1348569 14808575.0722534 17933983.0561496 34790084.2917528
402000 30396601.1128009 14681300.9699555 17776019.4450137 34288175.7989092
403000 29768205.0376776 14563550.1303968 17730330.5771615 33790507.3223369
404000 29151638.6816511 14428728.9214628 17710313.3018076 33297734.0769964
405000 28547028.484606 14282494.8933123 17695058.2597941 32810436.4811422
406000 27954458.5888579 14147572.9458165 17684565.0900407 32329123.5903673
407000 27373974.6760669 14023327.0437412 17678842.3378229 31854236.7435367
408000 26805587.5987051 13909192.0831755 17677907.5635829 31386153.3539553
409000 26249276.8020245 13804665.7166962 17591773.3674657 30925190.7870433
410000 25704993.53552 13709301.4398307 17370905.4240802 30476315.9232064
411000 25172663.8554103 13622702.7250126 17164162.0786903 30059064.8548396
412000 24652191.421739 13544518.0314945 16970520.7242402 29673034.870193
413000 24147149.0484727 13474436.5528356 16789071.0387247 29315604.6797118
414000 23673221.3782902 13412184.589785 16619000.4086869 29263210.488323
415000 23229918.2921091 13357522.4572565 16459581.6198442 29327109.8022014
416000 22814853.6789376 13310241.8508341 16310162.4156716 29393504.8565728
417000 22425898.7265857 13270163.6118 16173351.645896 29461688.870844
418000 22061148.9147829 13237135.8407156 16075444.1115098 29531004.8719363
419000 21718896.0046713 13211032.3186738 16031301.3666584 29600840.7817417
420000 21397604.166858 13191751.2028743 16019956.869987 29670625.332709
421000 21095889.554717 13179213.969505 16024371.1247744 29739824.6787198
422000 20812502.7594942 13173364.5822756 16035901.6098287 29807939.5912005
423000 20546313.6869129 13174168.8695787 16054095.3512835 29874503.1486734
424000 20296298.4773781 13181614.0972928 16079025.6628253 29939078.842661
425000 20061528.1580675 13195708.7278513 16110785.649119 30001259.0347821
426000 19841158.7686502 13216482.3594793 16149489.0397221 30060663.7096021
427000 19634422.7457525 13231099.4953162 16195271.2009948 30116939.4757877
428000 19440621.3866748 13222946.9663093 16248290.3429568 30169758.7747205
429000 19259118.2418438 13222366.2040881 16308728.9416346 30218819.261234
430000 19089333.3093475 13229346.7320643 16376795.4016095 30263843.3257771
431000 18930737.924611 13243904.5722862 16452725.9883508 30304577.7312512
432000 18782850.2546412 13266082.3332251 16536787.0656772 30340793.3411651
433000 18645231.3199059 13295949.5341119 16629277.6805252 30372284.9187065
434000 18517481.4783242 13333603.1706077 16730532.5453869 30398870.978945
435000 18399237.315432 13379168.5306823 16840925.4786172 30420393.6787148
436000 18290168.892871 13432800.2738905 16960873.3747264 30436718.73085
437000 18189977.314195 13494683.7919035 17090840.7912608 30447735.3313958
438000 18098392.5728065 13565036.8733106 17231345.2566067 30453356.0902338
439000 18015171.6518053 13611866.4600364 17382963.42486 30453516.9572714
440000 17940096.8497911 13666796.2979595 17546338.2308756 30448177.1379692
441000 17872974.3103317 13730299.493394 17722187.2321619 30437318.9935395
442000 17813632.7359896 13802618.3426339 17911312.3662569 30420947.9226489
443000 17761922.2705656 13884032.5691245 18114611.4050488 30399092.2229214
444000 17717713.5356464 13974862.1504062 18333091.454414 30371802.9319566
445000 17680896.8096865 14075470.6298256 18423556.6485779 30339153.6489727
446000 17651381.3397611 14186268.9800824 18478025.0170425 30301240.339554
447000 17629094.7778414 14307720.0994743 18536590.852647 30258181.1273385
448000 17613982.7350029 14440344.0383467 18599352.8728966 30210116.0778238
449000 17606008.4484075 14560549.5502096 18666417.9893669 30157206.9808216
450000 17605152.5572397 14660231.1300892 18737901.8317182 30100743.6381835
451000 17611412.9850403 14769746.3306224 18813929.3268193 30042120.2611916
452000 17624804.9270998 14889533.4554216 18894635.3389379 30002079.9382489
453000 17645360.94277 15020084.3041942 19060863.6299817 30073519.3982412
454000 17673131.1537412 15161949.992534 19270059.0064723 30155324.0866673
455000 17708183.550544 15315747.7459538 19484923.7385549 30249036.2937271
456000 17750604.410788 15482168.8494322 19704340.9734583 30348584.0548902
457000 17800498.8339642 15661987.9761831 19928196.8536689 30451848.874413
458000 17857991.3990479 15856074.1732971 20156356.2141238 30559144.7368039
459000 17923226.952662 16065403.8510042 20388661.0436055 30670762.330142
460000 17996371.5372348 16291076.2115703 20624928.9587188 31288140.631208
461000 18077613.4704431 16534331.6701554 20864951.7127218 32099480.5539864
462000 18167164.5893163 16779595.863184 21108493.7649247 32939380.2412726
463000 18265261.6747266 16996193.5749643 21355290.9399278 33807806.2105921
464000 18372168.0746742 17227662.9623701 21605049.2095409 34704486.9440728
465000 18488175.5478484 17475013.7748173 21857443.6337227 35628872.6730099
466000 18613606.3524904 17739369.4153803 22112117.5001662 36580091.8237279
467000 18748815.6096899 18021982.2605789 22477430.0614535 37556904.5260857
468000 18894193.9750364 18324251.6235319 23086367.6546661 38557653.8315108
469000 19050170.6581437 18647744.9045826 23736030.264147 39580215.5847347
470000 19217216.8361488 18994222.6065048 24432303.4604417 40694539.3810798
471000 19395849.5150486 19365668.0621905 25182457.7981851 41911524.0837312
472000 19586635.9019386 19764322.9436668 25973627.5719214 43149550.5733047
473000 19790198.3621544 20192729.9093507 26247687.7221451 44404807.6718364
474000 20007220.0483797 20653784.1251331 26518168.2276365 45672895.0527588
475000 20238451.304442 21126539.3210248 26784388.2605784 46948820.9384251
476000 20484716.9653628 21595949.0369076 27045644.8605901 48227018.9219056
477000 20746924.6980071 22104869.6655213 27113871.1534091 49590002.1313491
478000 21026074.5543252 22388458.40762 27069480.7518174 51090363.228193
479000 21323269.94289 22647111.6444073 27024187.0071694 52591876.0236058
480000 21639730.2657179 22916426.0931518 26978059.0690726 54089007.8365264
481000 21976805.5181733 23152368.4408236 26930760.9325958 55576258.9453918
482000 22335993.2125985 23328943.5098027 26879545.4323994 57048356.5531217
483000 22718958.0644415 23508811.3381122 27198718.4151055 58500475.897917
484000 23117297.5610716 23681778.7048593 27698723.6713078 59928481.9759593
485000 23516120.6175005 23747126.6522125 28212158.3460095 61329182.0760201
486000 23914587.1297518 23816500.396393 28935536.5143439 62700575.7915976
487000 24311949.4205191 23890066.6805115 29859241.5596382 64042085.4848181
488000 24707412.491301 23967998.8700052 30419280.2445319 65966002.1157992
489000 25100134.9706342 24050477.4225482 30970201.1037506 69673195.4307365
490000 25489230.6045151 24137690.3993347 31523416.8988191 73674113.291059
491000 25873770.3333379 24214364.7029641 32078707.8840251 77995132.16522
492000 26252784.9948733 24082371.9135763 32635840.2209544 82662335.7392153
493000 26625268.6863258 23952110.0783168 33194553.9952436 87699940.5132415
494000 26990182.8102583 23823717.9369765 33754548.7569256 93128049.6720156
495000 27346460.8191263 23697334.4160641 34315466.5774502 98959571.2049761
496000 27693013.6613557 23573098.9002255 34876872.7041573 105196146.545836
497000 28028735.9184213 23451151.5312364 35438233.9964268 111822990.484642
498000 28352512.6074367 23331633.5362731 35998895.4468983 118802671.494353
499000 28663226.6076148 23214687.5874428 36558055.2253631 126069106.987853
5e+05 28959766.6519712 23100458.194874 37114738.8306222 134095120.288513
501000 29241035.8082688 22989092.1360274 37667773.0939546 142170866.217385
502000 29505960.3559781 22880738.9243005 38356906.3475992 150098949.325779
503000 29753498.9495406 22775551.3204657 39100019.8979231 157637123.839673
504000 29982651.9431227 22673685.8910186 39838813.4453368 164507186.410422
505000 30192470.738986 22575303.6181234 40570232.7731098 170412690.953607
506000 30382067.0112252 22429004.667604 41070968.5138484 175065279.328806
507000 30550621.6495412 22240572.0993489 40395895.3401765 178216767.144084
508000 30697393.2644304 22051389.142803 39711736.5577127 179691369.492299
509000 30821726.0960998 21861538.7555478 39022117.4258827 179410875.120142
510000 30923057.174794 21671104.1351266 38330238.3597969 177406323.313655
511000 31000922.5901418 21480168.5795483 37638887.142123 173812986.196207
512000 31054962.7414785 21260578.6673632 36950458.9407726 168850055.789939
513000 31084926.4595674 21011110.389731 36266981.9700291 162790433.673602
514000 31090673.9122456 20761048.2307193 35590146.8812345 155927831.522888
515000 31072178.2315713 20510715.7453783 34983544.5208282 148547651.533582
516000 31029525.827247 20262214.1783307 34582385.4367716 140905671.912849
517000 30962915.3795132 20019885.3982934 34209745.3654917 133215737.177829
518000 30872655.5333586 19783831.767682 33866848.2791487 125645474.881418
519000 30759161.3437911 19553982.6134579 33554769.3522235 118317928.429446
520000 30622949.5480907 19330275.3753892 33274468.9980781 111316786.077529
521000 30464632.7645611 19114109.2699367 33026825.5648624 104693242.464565
522000 30284912.7375561 18909589.4747043 32996816.8126867 98473102.1654133
523000 30084572.7649121 18716352.5816733 33250438.4869548 92663292.8970051
524000 29864469.4559591 18533772.2766597 33513780.3756862 87257391.5059988
525000 29625523.9758188 18361279.0920339 33788283.8934505 82240056.8614969
526000 29368712.9347114 18198354.3191744 34075527.8271402 77590431.7248336
527000 29095059.0796628 18044524.734593 34377242.627087 74157063.3761109
528000 28805621.9406637 17899358.0145826 34695327.1957411 72313647.7922738
529000 28501488.5744442 17762458.7352015 35031868.6770172 70498836.8682546
530000 28183764.5371638 17633464.8720903 35389165.8577105 69288422.022447
531000 27853565.2030975 17512044.7289454 35769756.9287515 68083178.7761732
532000 27512007.5304919 17397894.2351344 36176452.5269698 66825814.4508121
533000 27160202.3588081 17290734.5624815 36612375.1987936 65583601.3308821
534000 26799247.3041992 17190310.0191057 37081006.7111536 64296298.6572545
535000 26430220.3028344 17096386.1846769 35699433.9230696 62971821.1656133
536000 26054173.8350877 17008748.256841 34318605.9411441 61617776.6552204
537000 25672129.8480473 16927199.5830565 33029681.2605807 60241393.9203041
538000 25285075.3796033 16851560.3558443 31824307.9387745 58849466.6608618
539000 24893958.8747522 16781666.4526145 30698799.716053 58024656.017253
540000 24499687.1738687 16717368.4039069 29651028.6707468 57333033.0256388
541000 24103123.1435926 16658530.4761466 28674383.4979205 57050930.0595386
542000 23705083.9136669 16605029.8569472 27766067.7281567 58273529.4808799
543000 23306339.6774729 16556755.9326456 26945210.4590612 59547071.3146753
544000 22907613.0100388 16513609.6491711 26204814.8439251 60871028.9488655
545000 22509578.6548099 16475502.9485805 25533428.8275274 62244188.5902961
546000 22112863.7292943 16442358.2746501 24921753.8330085 63664573.8111912
547000 21718048.2996751 16414108.1418503 24362158.1103121 65129367.7118567
548000 21325666.2754125 16390694.7628396 23848316.7275819 66634834.4456442
549000 20936206.5765911 16372069.7303394 23374941.3243405 68176242.5268438
550000 20550114.5291166 16358193.7498903 22937574.5335744 69747793.084078
551000 20167793.4456833 16349036.4205696 22532431.6917296 71346262.4857505
552000 19789606.3535771 16344576.0612728 22156277.5994454 72973147.3084702
553000 19415877.8337293 16344799.5806386 21806329.5879426 74617680.1038863
554000 19046895.9388801 16349702.3891447 21480180.55539 76267472.2337888
555000 18687059.3749908 16359288.3523148 21175737.3248769 77909213.5671638
556000 18349781.0937672 16373569.7843768 20891170.8735577 79528696.1146972
557000 18034460.7804511 16386235.5196905 20624875.8438932 81110887.4462399
558000 17739468.8025177 16372146.6495316 20375437.3746143 82640057.1644695
559000 17463347.7620481 16363381.3184511 20141603.7500193 84099958.2111267
560000 17204791.1211396 16359886.7753265 20087103.5866313 85474062.542838
561000 16962624.9804701 16361623.0334658 20044727.0973801 86745847.8045639
562000 16735792.4847841 16341228.3763359 20008557.8033787 87899128.2094981
563000 16523340.4273858 16321319.7497088 19978569.7420696 88918419.1599467
564000 16324407.7038676 16151302.471641 19954750.0636625 89789321.558581
565000 16138215.3277912 15978035.0819916 19937099.1310481 90498908.6711855
566000 15964057.7712591 15793063.9191884 19925630.6969587 91036096.2363948
567000 15801295.4339115 15620456.4406507 19920372.1614858 91391975.6583755
568000 15649348.0768551 15459515.2986909 19921364.9140336 91560090.8395766
569000 15507689.0849385 15309611.1745856 19792179.0865588 91536641.6187294
570000 15375840.4428612 15170175.7050654 19638368.0132069 91320600.7735701
571000 15253368.3287811 15040695.3452782 19502227.3757865 90913736.8146969
572000 15139879.2441259 14920706.031998 19382871.1834892 90320540.8419525
573000 15035016.610818 14809788.5336138 19279538.8363897 89548061.94841
574000 14938457.7775534 14707564.3920558 19191582.093672 88605661.4045562
575000 14849911.3855204 14613692.3771257 19118454.3187631 87504700.5704029
576000 14769115.0513085 14527865.3863427 19059701.6544362 86258180.7489359
577000 14695833.3309832 14449807.7339162 19014955.8536375 84880354.793743
578000 14629855.9345935 14379272.7812122 18983928.5503746 83386330.2143452
579000 14570996.164896 14316040.8684179 18966406.8029234 81791681.974071
580000 14519089.5579594 14259917.5132969 18962249.7815151 80112090.4784554
581000 14473992.7066619 14210731.8481671 18971386.5066362 78363016.8152778
582000 14435582.2510095 14168335.2706996 19159543.2621732 76559423.5502313
583000 14403754.0217515 14132600.2879725 19361437.08685 74715545.6815488
584000 14378422.3260306 14103419.5365261 19570443.8976769 72844713.0092224
585000 14359519.3658157 14080704.9640549 19614334.3852365 70959222.3787972
586000 14346994.7816866 14064387.1609193 19654619.1078921 69070256.1175439
587000 14340815.3162048 14054414.8319214 19698736.9405115 67187841.5089864
588000 14340964.5926541 14050754.4008376 19746524.5234921 65320845.3025824
589000 14347443.0063949 14053389.7420688 19797829.6155461 63476996.9391643
590000 14360267.7274846 14062322.035516 19852510.6913449 61662934.2786656
591000 14379472.8145967 14077569.7424399 19910436.6319738 59884266.0296557
592000 14405109.441652 14099168.7016654 19971486.5028987 58145645.693226
593000 14437246.2399848 14127172.3470739 20035549.4150869 56450852.555097
594000 14475969.7603317 14161652.0489205 20102524.4657771 54802876.0165101
595000 14521385.0604845 14202697.583163 20213213.7322413 53204000.2926249
596000 14573616.4261207 14250417.7347158 20367422.428651 51655887.1903314
597000 14632808.2341519 14304941.0423958 20517599.7988426 50159655.2838943
598000 14699125.9699564 14366416.6953455 20663508.1583299 48715954.326538
599000 14772757.4121298 14428685.1705346 20804911.2625337 47325034.1673757
6e+05 14853914.0009568 14477436.9748105 20941575.1776027 45986807.7902197
601000 14942832.409738 14533735.8436067 21073269.1773709 44700908.3616135
602000 15039776.3414793 14597759.2658076 21199766.6609007 43466740.3796049
603000 15145038.5773568 14669711.641973 21320846.0845306 42283525.1626478
604000 15258943.3079224 14749825.9875264 21436291.901861 41150341.0196692
605000 15381848.7833451 14838365.9150583 21545895.5046911 40066158.5070809
606000 15514150.3252585 14935627.9286451 21649456.1575725 39029871.2146377
607000 15656283.7502081 15041944.069355 21746781.9183773 38040322.5366434
608000 15808729.2635085 15157684.9585075 21837690.5371097 37096328.8840593
609000 15972015.8928431 15283263.2940221 21922010.3251175 36196699.7814682
610000 16146726.5435476 15419137.865669 21999580.9868976 35342060.5098264
611000 16333503.7726956 15565818.1676036 22070254.4068385 34554082.2136424
612000 16533056.3974466 15723573.5099572 22133895.3835023 33834121.2017523
613000 16746167.0753945 15886426.4668603 22190382.3044289 33176197.5731674
614000 16973701.0218175 16051802.9626361 22239607.7549245 33080020.6912853
615000 17216616.0620288 16219679.2285673 22281479.0548911 33499752.2813554
616000 17475974.258021 16390033.8309143 22315918.7184393 33982582.7541184
617000 17752955.3993417 16562848.1500724 22388024.5969243 34492084.5088539
618000 18048872.7112734 16738106.9498978 22527241.3357707 35030080.7643972
619000 18365191.2123804 16915799.0485474 22671594.2166958 35598609.507994
620000 18703549.2528862 17095918.103938 22750267.7215989 36199954.3324214
621000 19065783.8911949 17278463.5289977 22797230.7389609 36836680.7639963
622000 19453960.9262264 17463441.5543287 22840663.0542524 37509383.9192431
623000 19870410.6089533 17650866.4588088 22880539.2023368 38200178.6265738
624000 20317770.3223245 17840761.9921344 22916838.4370938 38904738.350471
625000 20799035.8647894 18033163.0174856 23064453.3400607 39623210.7787593
626000 21317623.4267514 18228117.4075451 23318595.840086 40355732.3155016
627000 21866583.3019141 18425688.233238 23575119.5013566 41102426.7372506
628000 22428094.1579034 18625956.2920566 23833860.0198755 41863403.7406651
629000 23001446.6292471 18829023.0320376 23721466.9975703 42638757.3731268
630000 23586211.4207603 19035013.9388293 23571759.5930951 43428564.3374916
631000 24181858.2529509 19244082.4673961 23429886.0394435 44232882.1616536
632000 24787746.7796077 19456414.6175311 23295325.4172002 45051747.2232002
633000 25403117.4429834 19671590.3791059 23167598.588687 45885172.6191273
634000 26027082.4223245 19829196.6061488 23081938.4489315 46733145.8703895
635000 26658616.8632892 19926210.4217787 23078877.0271654 47595626.4510324
636000 27296550.6093095 20019398.0726331 23072354.8109681 48472543.1318182
637000 27939560.6902396 20108651.9582111 23285083.284057 49363791.1286708
638000 28586164.8574355 20193864.5398435 23504363.2814742 50269229.0469906
639000 29234716.4861021 20274928.5349481 23724897.2379833 51188675.6139703
640000 29883401.1933321 20214035.4148873 23946533.9790298 52121906.1925555
641000 30530235.5413978 20083192.1084522 24169107.7657035 53068649.0727013
642000 31173068.2078873 19897420.6983255 24392437.6729727 54028581.5381551
643000 31809584.0043215 19710501.0987487 24616327.0033153 55001325.7102125
644000 32437311.1100061 19522586.6888596 24840562.7458006 55986444.1738237
645000 33053631.8552027 19333834.3016642 25064915.091536 56983435.3961385
646000 33655797.3347909 19144403.0016552 25289137.017198 57991728.9531302
647000 34240946.0585739 18954452.9685057 25512963.9491114 59010680.5863797
648000 34806126.7464159 18764144.4829173 25736113.520977 60039567.1194696
649000 35348325.2558937 18573637.0106297 25958285.4388628 61077581.2717389
650000 35864495.4891193 18383088.3804999 26179161.4674188 62123826.4163809
651000 36351593.9676726 18192654.0524492 26398405.5514219 63177311.3399717
652000 36806617.5959007 18002486.4709676 26615664.0866689 64236945.0714138
653000 37226643.960829 17812734.4997687 26830566.3538713 65301531.8598417
654000 37608873.3507858 17623542.9331139 27042725.1285305 66369766.3930696
655000 37950671.5249921 17435052.079266 27251737.4787565 67440229.3604357
656000 38249612.1436446 17247397.4115124 27455687.8468968 68511423.928443
657000 38503517.6829667 17060709.2821965 27476305.8671456 69582208.415723
658000 38710497.6214827 16876238.8027894 27489807.0913589 70650958.5230434
659000 38868982.6993205 16699622.1308965 27496172.1588754 71715763.9185489
660000 38977754.1253899 16531253.6994407 27495397.3895879 72774583.9459958
661000 39035966.7377913 16370734.4447714 27487494.7929751 73825248.0993275
662000 39043165.306556 16217694.9330564 27472491.9828485 74865457.8876644
663000 38999293.3965489 16071792.8119316 27450431.9988172 75892790.2498572
664000 38904694.470183 15932710.5294471 27421373.0365255 76904702.6705007
665000 38760105.1899005 15800153.2884631 27385388.0897413 77898540.136937
666000 38566641.1630031 15673847.2089483 27342564.5083346 78871544.0587958
667000 38325775.6400117 15553537.6742918 27293003.4770738 79820863.2476131
668000 38039311.9171218 15438987.8408603 27236819.4209757 80743567.0238362
669000 37709350.390746 15329977.2927056 27174139.3436429 81636660.4820333
670000 37338251.3582421 15226300.8256157 27105102.1056174 82497101.9026302
671000 36928594.7483407 15127767.3466802 27029857.6502541 83321822.2505375
672000 36483137.9962982 15034198.8772367 26948566.1849718 84107746.6484549
673000 36004773.2551597 14945429.6485407 26861397.3259672 84851817.6566423
674000 35496485.0617955 14861305.2807756 26768529.2145851 85551020.1330462
675000 34961309.4632487 14781682.0371274 26670147.6135265 86202407.3896947
676000 34402295.4656115 14706426.1456172 26566444.9909494 86803128.3052982
677000 33822469.5050147 14635413.1822265 26457619.6002869 87350455.002287
678000 33224803.4689583 14568527.5095911 26343874.5632825 87841810.6514333
679000 32612186.6257472 14505661.7661852 26225070.1468193 88274796.9310722
680000 31987401.6583227 14446716.4014901 26101025.7445387 88647220.6429328
681000 31353104.8525861 14391308.4945634 25971959.079381 88957118.9745881
682000 30711810.363747 14338838.4425509 25838090.521085 89202782.9010137
683000 30065878.379805 14289219.9964643 25699641.866053 89382778.2356086
684000 29417506.9198334 14242382.3316911 25556835.5490274 89495963.8745738
685000 28768726.9457404 14198259.7843797 25409893.8940243 89541506.8273418
686000 28121400.4280417 14156791.592777 25259038.407534 89518893.6886602
687000 27477220.9865639 14117921.6616348 25104489.1163637 89427938.2831187
688000 26837716.7231321 14081598.3479279 24946463.9518934 89268785.297898
689000 26204254.8722517 14047774.2663147 24785178.1819301 89041909.8113307
690000 25578047.914643 14016406.1129381 24620843.8908019 88748112.7201421
691000 24960160.8245109 13987454.5063238 24453669.5078263 88388512.16346
692000 24351519.1521855 13960883.8442665 24284221.8988489 87964531.1332954
693000 23752917.6771574 13936662.1757221 24117174.381187 87477881.5458872
694000 23165029.4008245 13914761.0868412 23953738.4841123 86940004.9478582
695000 22588414.6821056 13895155.6003816 23793717.6366189 86398178.8963135
696000 22023530.3514343 13877824.0878358 23636930.091286 85858676.5759514
697000 21470738.6687909 13862748.1937009 23483207.8101668 85321595.6426899
698000 20930316.0189098 13849912.7714004 23332395.4467537 84787029.1623546
699000 20405138.69516 13839305.8304461 23184349.4141612 84255065.5620298
7e+05 19913414.5885721 13830918.4945056 23038937.0308348 83725788.6048562
701000 19455736.4566325 13824744.970108 22896035.7361056 83199277.3865854
702000 19029055.2074133 13820782.5257918 22755532.3687951 82675606.3521805
703000 18630686.774644 13819031.4815645 22617322.5028447 82154845.3307458
704000 18258259.5868609 13819495.2086077 22481309.8346179 81637059.5870838
705000 17909670.8806404 13822180.1392263 22347405.6171168 81122309.8882091
706000 17583050.1697934 13827095.787106 22215528.1368709 80610652.5831886
707000 17276728.5409931 13834254.7780059 22085602.2297129 80102139.6947379
708000 16989212.7214319 13843672.8910817 22104041.0970314 79596819.0210637
709000 16719163.0768034 13855369.1111005 22136360.1350983 79094734.2465158
710000 16465374.8635329 13869365.6918836 22171812.3824193 78595925.0596887
711000 16226762.1890319 13885688.2313818 22210595.3097892 78100427.2776965
712000 16002344.2362149 13904365.7588731 22252918.1665938 77608272.9754259
713000 15791233.3898651 13925430.8348507 22299002.891139 77119490.6186605
714000 15592624.9673936 13948919.6642628 22153085.5545539 76634105.2000528
715000 15405788.3086987 13974872.2238609 21980081.5300805 76152138.3770074
716000 15230059.0219339 14003332.4045182 21810151.7140752 75673608.6106211
717000 15064832.2161567 14034348.1694955 21643172.6252749 75198531.3049053
718000 14909556.5796712 14067971.7297562 21479029.406022 74726918.9455985
719000 14763729.185691 14104259.7375721 21317615.1804222 74258781.237946
720000 14626890.9257016 14143273.4998112 21158830.4640904 73794125.2429003
721000 14498622.4864084 14185079.2124721 21002582.6207691 73332955.5112577
722000 14378540.7990083 14229748.2182137 20848785.3616067 72875274.2153167
723000 14266295.9002348 14277357.2888415 20697358.2833172 72421081.2776948
724000 14161568.1535802 14327988.9349438 20548226.4418331 71970374.4970015
725000 14064065.7866144 14381731.7451379 20401319.9584056 71592194.7653239
726000 13973522.706651 14424621.2205524 20256573.6554078 71260931.0602403
727000 13889696.562369 14465678.9388791 20113926.7193671 70928637.5255084
728000 13812367.0235406 14505436.2726525 19973322.3889908 70595185.6594991
729000 13741334.2548919 14543787.0069872 19834707.6661615 70260458.9473974
730000 13676417.5634351 14580667.1233662 19698033.0480701 69924353.8500789
731000 13617454.2014577 14616013.2145369 19563252.2788196 69586780.6857313
732000 13564298.30981 14649762.6339128 19430322.1189878 69247664.3886765
733000 13516819.9882582 14681853.6472333 19299202.1317703 68906945.131733
734000 13474904.4815273 14712225.5858981 19169854.4844468 68564578.8007301
735000 13438451.4712809 14740819.0013584 19073062.4576449 68220537.3123912
736000 13407374.4657165 14767575.8199136 18985097.4973222 67874808.7696773
737000 13381600.2797284 14792439.4972398 18898443.791614 67527397.4517255
738000 13361068.5997292 14745163.4426855 18813106.2339662 67178323.6386551
739000 13345731.628249 14685799.5004945 18729090.4550999 66827623.2746389
740000 13335553.8043758 14626303.2433667 18646402.7837325 66475347.475664
741000 13330511.5969662 14566658.4213374 18565050.2113849 66121561.8912319
742000 13330593.3683758 14506849.4019982 18485040.3610927 65766345.9318091
743000 13335799.3072313 14446861.2124905 18406381.4598544 65409791.876043
744000 13346141.4295195 14386679.5798817 18329082.3146601 65052003.8735733
745000 13361643.6480041 14326290.969717 18253152.2919568 64693096.8606339
746000 13382341.9107203 14265682.6225457 18178601.3004183 64333195.4065561
747000 13408284.4100482 14204842.5882264 18105439.7768978 63972432.5097221
748000 13439531.8646425 14143759.7578275 18033678.6754523 63610948.3615189
749000 13476157.8773145 14082423.8929492 17963343.343681 63248889.0964065
750000 13518249.3728332 14020825.652306 17913429.7383547 62886405.545402
751000 13565907.1205569 13958924.1078037 17873473.6178027 62523652.009136
752000 13619246.3478392 13887708.2533668 17835984.9441086 62160785.0652133
753000 13678397.4512962 13816993.1236059 17800936.7525823 61797962.4229735
754000 13743506.8142988 13746836.1302035 17768304.2662046 61435341.8369631
755000 13814737.7404909 13678555.9838755 17738064.8478497 61073080.0885549
756000 13892271.5147669 13612643.1184055 17710197.9574688 60711332.043244
757000 13976308.605003 13549028.6985433 17684685.1140755 60350249.7892719
758000 14067070.0199744 13487647.5612682 17661509.8623886 59989981.8614101
759000 14164798.841357 13428438.0132809 17613314.7969086 59630672.5520362
760000 14269761.9505744 13371341.6431169 17533508.5045266 59272461.3100601
761000 14382251.9745764 13316303.1467288 17455742.21358 58915482.2268544
762000 14502589.4785335 13263270.1654927 17379973.5645543 58559863.6071083
763000 14631125.4379964 13212193.1356895 17306161.837797 58205727.621473
764000 14768244.0284558 13163025.1485938 17234267.8902585 57853190.0370014
765000 14914365.776604 13115721.8203866 17164254.0955788 57502360.0206956
766000 15069951.1251561 13070241.1711714 17096084.287333 57153089.2384888
767000 15235504.4720948 13026543.5124415 17029723.7052631 56785232.015499
768000 15411578.7559743 12984591.3424006 16965073.0893909 56399830.2893268
769000 15598780.6718506 12944349.2485923 16901829.2538752 56047618.0280417
770000 15797776.6180009 12905783.8173402 16839936.4091365 55667041.7578857
771000 16009299.4924698 12868863.5495449 16779369.6712411 55259460.984608
772000 16232533.3665716 12833558.7824209 16720104.9555361 54826295.0250705
773000 16457744.4587217 12799841.6167939 16653609.60398 54369011.7679255
774000 16682959.8416134 12767685.8496121 16486881.6387642 53889116.5314922
775000 16907919.8602622 12737066.9113525 16322102.2263908 53388141.1565676
776000 17132351.0632882 12705001.6932147 16159380.0713342 52867633.4584824
777000 17355966.3275656 12668202.9856956 15998812.2370803 52329147.1476726
778000 17578465.075201 12632298.6345104 15840484.7231935 51774232.3119113
779000 17799533.5899091 12597287.4383757 15684473.0521466 51204426.536674
780000 18018845.4394922 12563169.9238791 15530842.8598267 50621246.7233717
781000 18236062.0106192 12529948.2624877 15379650.4844033 50026181.6488221
782000 18450833.1614414 12497626.1912602 15230943.5489769 49420685.2937136
783000 18662797.9967523 12466208.9372928 15149054.8626487 48806170.9532513
784000 18871585.7694056 12435703.1459274 15124293.3955009 48184006.1299069
785000 19076816.9105408 12376098.9875913 15100010.5606382 47555508.1963794
786000 19278104.1898281 12309968.2943531 15076202.1964883 46921940.8066259
787000 19475054.005449 12248230.3006531 15052864.2920648 46284511.0241778
788000 19667267.8018758 12190887.9497431 15029992.9840069 45644367.1299181
789000 19854343.6117254 12137720.9218731 15007584.5537513 45002597.0659963
790000 20035877.7160623 12088530.7447144 14985635.4248327 44360227.4685283
791000 20211466.41553 12043138.3929699 14964142.1603091 43718223.2390413
792000 20380707.9026458 12001382.2164666 14943101.4603073 43080354.2053241
793000 20543204.2235262 11963116.1461079 14922510.1596858 42458217.1631806
794000 20698563.3152654 11928208.1358599 14902365.2258109 41839813.0870231
795000 20846401.1032169 11881306.252445 14882663.7564436 41224952.8482597
796000 20986343.6405711 11772008.5488667 14863402.977734 40614268.1692248
797000 21118029.27093 11669029.5946609 14844580.2423201 40008358.4957338
798000 21241110.7931109 11572053.7055923 14826193.0275284 39407769.3669425
799000 21355257.6062037 11480791.7500192 14808238.9336743 38812994.5209312
8e+05 21460157.8120132 11394978.69882 14790715.6824586 38224478.1215483
801000 21555520.2514749 11314371.4569468 14773621.1154599 37642617.0733114
802000 21641076.451479 11238746.9404938 14755658.3767609 37067763.3944926
803000 21716582.4587885 11167900.3684383 14722762.2706688 36500226.6217857
804000 21781820.5384253 11101643.7426345 14690373.9085213 35940276.2231173
805000 21836600.715008 11039804.4933727 14658486.3417549 35388143.9981848
806000 21880762.1370699 10982224.2709666 14627092.8170525 34844026.4491602
807000 21914174.2463296 10928757.8665113 14596186.7708614 34308087.1066515
808000 21936737.7362149 10879272.2472304 14565761.8241225 33780458.7984781
809000 21948385.286597 10833645.6937755 14535811.7772018 33261245.8510579
810000 21949082.0646378 10778575.7268629 14506330.6050155 32750526.2152476
811000 21938825.9848149 10726164.9849442 14477312.4523423 32248353.510305
812000 21917647.724509 10677684.2083022 14448751.6293128 31754758.9812746
813000 21885610.4949359 10633032.0567468 14420642.6070719 31269753.366538
814000 21842809.5706107 10592116.3797305 14392980.0136049 30793328.6735295
815000 21789371.5838624 10554853.7190965 14365758.6297225 30325459.8617072
816000 21725453.5941073 10521168.8662984 14338973.3851969 29866106.432808
817000 21651241.9445613 10490994.4695428 14312619.3550456 29415213.9292036
818000 21566950.9217734 10464270.6868936 14286691.7559545 28972715.3418423
819000 21472821.2357291 10440944.8819073 14261185.9428369 28538532.4298034
820000 21369118.340272 10420971.3588376 14236097.4055228 28112576.9539361
821000 21256130.6151849 10404311.1348681 14211421.7655735 27694751.827404
822000 21134167.4324425 10390931.7472198 14187154.773217 27284952.1862218
823000 21003557.1298825 10380807.0933243 14163295.7458357 26883066.3830718
824000 20864644.915854 10373917.3025797 14139969.5842215 26488976.907817
825000 20717790.7282962 10370248.6385035 14117236.5923501 26102561.2382159
826000 20563367.0712041 10369793.4303793 14095091.3335075 25723692.6243753
827000 20401756.8505898 10372550.0337641 14073528.538022 25352240.8104773
828000 20233351.2308762 10378522.8194783 14052543.09992 24988072.6972864
829000 20058547.5312216 10387722.190958 14032130.0737076 24631052.9488782
830000 19877747.1796084 10400164.6300969 14012284.671274 24281044.5469536
831000 19691353.7406895 10415872.7719613 13993002.2589126 23937909.2960042
832000 19499771.0314259 10434875.5090147 13974278.3544564 23601508.2824838
833000 19303401.3365087 10447494.7624649 13956108.6245249 23271702.2910204
834000 19102643.7334968 10457696.7972562 13952655.8033613 22948352.1805766
835000 18897892.5355452 10470601.3521396 13979273.6616135 22631319.2233336
836000 18689535.8575999 10486240.106618 14006708.68958 22320465.4089413
837000 18477954.3100212 10504650.0422814 14034968.2148148 22015653.71664
838000 18263519.8217893 10525873.6321827 14064059.9159047 21716748.3576277
839000 18046594.593781 10549959.0596266 14093991.8296374 21423648.1201938
840000 17827530.181085 10576960.4684635 14124772.3585879 21139396.032485
841000 17606666.7019679 10606938.2473172 14156410.2791385 20865585.2897358
842000 17384332.1699158 10639959.3505523 14188914.7499474 20601603.8650874
843000 17160841.9441601 10676097.6592098 14222295.3208846 20452087.4225635
844000 16936498.2932474 10715434.3856135 14256561.9424516 20357079.3368425
845000 16711590.0655331 10758058.5258859 14291724.9757052 20262853.8281028
846000 16490404.1938802 10804067.3652286 14327795.2027045 20169296.9390329
847000 16277812.382491 10853567.0415132 14364783.8375056 20076304.9224773
848000 16073393.2724069 10906673.1735335 14402702.5377236 19983783.4375195
849000 15876738.6554089 10963511.5611856 14441563.4166905 19891646.8209662
850000 15687468.0112285 11024218.965902 14481379.0562316 19799817.4255465
851000 15505226.222745 11088943.980892 14522162.5200912 19708225.0172736
852000 15329681.5144432 11157848.0021642 14563927.3680354 19616806.2253871
853000 15160523.5891106 11231106.3129602 14606687.6706654 19525504.0391304
854000 14997461.9409083 11308909.2961658 14711038.34614 19436978.9063163
855000 14840224.325665 11390883.8681603 14844805.6517049 19386657.1338846
856000 14688555.3715841 11475168.7272386 14983933.699384 19335010.2943489
857000 14542215.3155777 11561665.003064 15128708.8845553 19282065.4424731
858000 14400978.852197 11650445.0346508 15279442.5204486 19227850.3406344
859000 14264634.0836484 11741584.7029214 15436473.5441659 19172393.4149746
860000 14132981.560716 11835163.6419848 15600171.5932897 19115723.7113493
861000 14005833.4055615 11929119.8893375 15770940.5134746 19057870.8511793
862000 13883012.5083891 11958645.7907676 15922007.3913972 18998864.9873085
863000 13764351.7908443 11989469.3823433 15851954.811588 18938690.1484169
864000 13649693.5297947 12021619.354348 15777837.1360596 18876193.8328154
865000 13538888.7358229 12055126.0570707 15705830.094994 18810921.9284543
866000 13431796.5813631 12090021.5968023 15635846.8554754 18742949.7034393
867000 13328283.8739439 12126339.9396066 15567805.0277826 18731721.2763886
868000 13228224.5704694 12164117.0235834 15501626.3863425 18734267.5712716
869000 13131499.3288849 12203390.8804174 15437236.611576 18735346.7892857
870000 13037995.0939422 12231733.3953268 15374565.0508332 18735026.3140031
871000 12947604.7141071 12237719.3177502 15313544.4967924 18733371.2364118
872000 12860226.5869422 12244365.570391 15254110.9818543 18965302.2309068
873000 12775764.3305559 12251674.5887699 15196203.5872004 19207086.6920768
874000 12694126.4789438 12259649.0413878 15139764.2653106 19451752.1234444
875000 12615226.1992501 12268291.83219 15132855.1265525 19699184.8132136
876000 12538981.029165 12277606.1032497 15150942.9248932 19949252.4546018
877000 12465312.63284 12287595.2376765 15251309.5857379 20201803.0356925
878000 12394146.573848 12298262.8627552 15354564.7353295 20456663.7434362
879000 12325412.1038543 12309612.8533189 15460851.7327021 20765320.6791035
880000 12259041.9657785 12321649.335364 15570323.1787032 21084818.79769
881000 12194972.2103407 12334376.6899131 15683141.6677335 21407047.1190687
882000 12133142.0249806 12347799.5571321 15799480.6141935 21731730.6704215
883000 12073493.5742253 12361922.840709 15919525.162444 22058569.7572322
884000 12015971.8506646 12376751.7125033 16043473.190299 22387239.3165044
885000 11960524.5357602 12370612.7895839 16171536.4174649 22717388.3915579
886000 11907101.8697852 12365337.5511606 16303941.6319607 23048639.7489543
887000 11855656.530246 12361176.7410889 16440932.0494365 23380589.658985
888000 11806143.5181945 12358122.5653736 16406648.7136528 23712807.8617931
889000 11758520.0518864 12356168.0716772 16340855.4250428 24044837.741525
890000 11712745.4672875 12355307.1280493 16274417.4392737 24376196.7308553
891000 11668781.1249683 12355534.403615 16207385.6236779 24706376.9677512
892000 11626590.3229666 12356845.3511256 16139809.6819212 25034846.2253618
893000 11586138.2152301 12359183.3573866 16071738.1090537 25361049.1343935
894000 11547391.7352822 12356193.9346499 16003218.1522084 25684408.7152055
895000 11510319.5247838 12305769.233475 15934295.7767728 26004328.2340947
896000 11474891.8666881 12256787.97763 15865015.6378416 26320193.3948115
897000 11441080.6227112 12209218.7609749 15795421.0567464 26631374.872242
898000 11408859.1748604 12163031.4900901 15725554.0024435 26937231.1904304
899000 11378202.3707868 12118197.3295532 15655455.0775357 27236695.1415128
9e+05 11349086.4727424 12074688.6503289 15585163.5086925 27528584.6417042
901000 11321489.1099427 12032478.9810812 15514717.1412325 27812184.1654573
902000 11295389.2341501 11991542.9622371 15497310.455336 28110040.7275737
903000 11270767.0783086 11951856.3026385 15515631.0998755 28445355.5632327
904000 11247604.118073 11913395.7386338 15534353.5084263 28776420.7229973
905000 11225883.0360911 11876138.9954696 15553485.6484315 29103073.3272632
906000 11205587.6889044 11840064.7508534 15573035.8039873 29425225.0825998
907000 11186703.0763501 11805152.6005672 15593012.5849727 29742875.0135763
908000 11169215.313351 11771383.0260215 15613424.9366133 30056123.5671197
909000 11153111.6039943 11738737.3636437 15634282.1495012 30365188.3098025
910000 11138380.2178076 11707197.7760074 15655593.8700917 30670421.5063331
911000 11125010.4681482 11676747.2246108 15677370.1117034 30972329.9571304
912000 11112992.6926309 11647369.4442226 15699621.2660443 31271597.5910496
913000 11102318.2355264 11618835.8272407 15722358.1152924 31569111.4653843
914000 11092979.4320712 11589934.8534746 15745591.8447593 31865992.0320036
915000 11084969.5946332 11529100.8592282 15769471.3397585 32309360.4938679
916000 11078283.0006892 11459425.0754737 15794410.3624176 33229186.5795837
917000 11072914.8825707 11389257.7200061 15820446.6346913 34216117.9251035
918000 11068861.4189455 11318630.3605965 15847592.4568798 35278978.4023499
919000 11066119.7280069 11247574.1155017 15875860.7109803 36428125.2908169
920000 11064836.1801111 11176119.6378723 15905264.8774699 37675787.9568546
921000 11065313.8016093 11104297.1011374 15935819.053028 39036501.4576951
922000 11067562.1145901 11032136.1853597 15967537.9692438 40527667.7679576
923000 11071583.2784406 10959666.0645522 16000437.012361 42170290.8378944
924000 11077381.158562 10886915.3949495 16034532.2441107 43988338.171771
925000 11084961.335667 10813912.3042228 16069840.4236911 45947106.4412861
926000 11094331.1192299 10740684.3816285 16106379.0309555 48025089.1478458
927000 11105499.5651477 10667258.6690781 16144166.2908722 50226777.4724145
928000 11118477.4976953 10593661.653118 16183221.1993272 52555548.2202049
929000 11133277.5358706 10519919.2578023 16223138.8291231 55013223.143212
930000 11149914.1242535 10446056.8384461 16261779.9355018 57599536.4762968
931000 11168403.5685178 10372099.1762413 16298800.5556376 60311506.1425445
932000 11188764.0757617 10298070.4737179 16334150.0719171 63142711.0496562
933000 11211015.7998441 10223998.7021437 16367780.7663398 66082487.8059648
934000 11235180.8919403 10150563.5255888 16399648.0142117 69115075.879209
935000 11261283.5565566 10078209.6551215 16429710.4693337 72218761.1447178
936000 11289350.1132727 10006893.1267 16457930.2393662 75409806.4733838
937000 11319409.0645107 9936574.7643462 16484273.0500976 78669364.7584488
938000 11351491.1696636 9867219.72328315 16508708.3974033 81893377.2452009
939000 11385629.5259509 9798797.08241617 16531209.6857569 85030711.5113302
940000 11421859.6564085 9731279.4803225 16551754.3522427 88023549.306717
941000 11460219.6054621 9664642.78971068 16570323.975118 90808907.269318
942000 11500750.0425789 9598865.82598987 16586904.3660888 93320963.398261
943000 11543494.3745421 9533930.08616604 16601485.6455829 95494154.141178
944000 11588498.8669501 9469819.51477561 16614062.3004378 97266875.3641873
945000 11635812.7755977 9406520.29398975 16624633.2235606 98585479.1112438
946000 11685488.4884694 9344020.65538662 16633201.7352615 99408139.9231029
947000 11737581.6791404 9282310.71120199 16639775.5861134 99708106.7464733
948000 11792151.4724673 9221382.30314012 16644366.94134 99475887.8766221
949000 11849260.6235371 9161228.86706235 16646992.3468874 98720044.2153198
950000 11908975.7109391 9101845.31207566 16647672.6774822 97466469.1382884
951000 11971367.3455383 9043227.91272262 16646433.0671267 95756265.5667353
952000 12036510.3960447 8985374.21313114 16643302.82262 93642536.4995172
953000 12104484.2328108 8928282.94212075 16638315.3208259 91186537.5015414
954000 12175372.9914388 8871953.93838415 16631507.8905345 88453675.8161365
955000 12249265.8579442 8816388.08497142 16622921.6798729 85509786.8429363
956000 12326257.3774126 8761587.25240066 16612601.510325 82418002.6857383
957000 12406447.7882924 8707554.24980638 16600595.718508 79236386.4068749
958000 12489943.3847025 8654292.78361451 16586955.9869238 76016372.9548695
959000 12576856.9093948 8601807.42330502 16571737.1649716 72801955.3376525
960000 12667307.9803101 8550103.57388764 16554997.0815447 69629490.9754809
961000 12761423.5539948 8499187.45477725 16595564.9070643 66527976.0258172
962000 12859338.4295259 8449066.08481148 16670494.8335902 63519636.3836592
963000 12961195.797012 8399747.27320599 16747236.456878 60620702.6946972
964000 13067147.8352211 8351239.61629405 16825834.0130488 57842263.7785791
965000 13177356.3634305 8303552.49994556 16906265.7609686 55191121.4668551
966000 13291993.5532111 8256696.10760858 16987150.1598208 52670595.7727905
967000 13411242.706566 8210681.43396386 17067896.2163715 50281250.4888753
968000 13535299.1076431 8165520.30423057 17148464.0939635 48021525.2536951
969000 13664370.9561634 8121225.39920967 17228813.7183739 45888271.2533646
970000 13798680.3917527 8077810.28620163 17308904.8579295 43877194.8595841
971000 13938464.6195756 8035289.45598714 17388697.2081704 41983217.5992046
972000 14083977.1490535 7993678.36611478 17427140.6232235 40201302.8929941
973000 14235489.1590475 7952993.49079852 17456226.2948293 38526250.2515106
974000 14393291.0047325 7913252.37779132 17485916.7911853 36952087.4527426
975000 14557693.8835257 7874473.71267032 17516221.7979521 35472865.6203732
976000 14729031.679912 7836677.39104507 17547151.3255046 34082755.5552689
977000 14907663.0118931 7799884.59928393 17578715.7194033 32776114.931094
978000 15093973.5051553 7764117.90444695 17610925.6713363 31547533.96263
979000 15288378.324983 7729401.3542181 17643792.2305559 30391864.4064578
980000 15491325.0005666 7695760.58774668 17677326.8158324 29823279.6152473
981000 15703296.5817812 7663222.95844019 17711541.2279528 29462991.7411662
982000 15924815.1749215 7631817.66990139 17746447.6627902 29119083.2373979
983000 16156445.9114633 7601575.92637305 17782058.7249735 29052627.5988885
984000 16398801.4129227 7572531.0992496 17818387.4421884 29018380.3226187
985000 16652546.8256151 7544718.91143908 17855084.5554154 28985806.7115818
986000 16918405.5119361 7518177.64161679 17891565.5054713 28955015.1759495
987000 17197165.5001741 7493027.47428105 17927834.2722058 28926121.7963737
988000 17489686.8133935 7470350.87453711 17963904.7614099 28899250.9132521
989000 17796909.8203299 7450463.94315296 17999620.5730578 28874535.7849903
990000 18119864.7784403 7433353.40186476 18033085.0157256 28852119.3237583
991000 18459682.7724146 7419013.94922596 17966497.6739839 28832154.9185216
992000 18817608.2920696 7407448.38576462 17619808.2645638 28814807.356629
993000 19195013.7435332 7398667.80657596 17290057.03113 28800253.8569985
994000 19593370.6633684 7392691.86571441 16976286.094341 29002866.4172917
995000 20003653.4552458 7389549.11801494 16684835.0378266 29223586.4635013
996000 20417813.3395909 7389277.44540823 16692744.4457409 29457946.6434673
997000 20835247.5776742 7391924.57644674 16701422.1906722 29706714.2339308
998000 21255288.6195752 7397548.70968126 16709088.4019392 29970725.3304317
999000 21677201.9541155 7406219.2537888 16715748.1416963 30250892.1868472
1e+06 22100184.4112592 7418017.70003514 16721407.0792623 30548211.5466376
