time_E Nt_E LCL_E median_E UCL_E	time_W Nt_W LCL_W median_W UCL_W
0 14034503.992087 13073338.1848561 13688262.8783359 14127208.596011	0 23311167.5982047 20185682.9899731 21623932.5583128 23062480.2926694
1000 14470083.4207136 13570596.2182569 14199548.9976101 14524533.803462	1000 23673041.9727532 20677039.7399352 21705677.1631622 23455677.2251258
2000 14923206.4205223 13985128.0858002 14720657.2108415 15077585.4406811	2000 24042680.8495268 21156216.1867563 22044530.2573045 23872359.2197081
3000 15394600.3159951 14414000.6580323 15181814.8935497 15718225.088829	3000 24420282.7863498 21546396.609553 22396133.4478632 24354757.5432646
4000 15885007.3790331 14862149.128297 15779386.8505434 16398477.2217771	4000 24806051.5958249 21724207.6024603 22833639.0003737 24851177.381006
5000 16395181.6858253 15325921.28968 16349067.3318834 17121477.9467033	5000 25200196.4470826 21775542.3622768 23288475.2425656 25362141.4330747
6000 16925885.1868496 15756038.2734542 16947865.9437025 17890656.1348181	6000 25602931.9645535 21828869.9814343 23602273.8296953 25888195.90402
7000 17477882.864003 16202609.6662755 17577607.888987 18756757.7632475	7000 26014478.3230779 21884217.939901 24034950.0390262 26429911.7283552
8000 18051936.8342391 16666369.9287637 18240242.625546 19807828.4670606	8000 26435061.3385923 21941614.9772341 24479657.6534625 26987885.8674385
9000 18648799.2440548 17148085.8309572 18949250.8100365 20960848.4764563	9000 26864912.5535521 22001091.1319927 24936857.3879532 27676633.2781433
10000 19269203.7841635 17648557.2140852 19721437.2539439 22213894.1159427	10000 27304269.3161567 22062677.7833652 25407032.4358228 28483910.6208224
11000 19913855.639357 18168617.6246843 20488093.5270641 23578338.268846	11000 27753374.8523528 22126407.6951249 25890689.7421189 29334282.5909009
12000 20583419.6757696 18709134.7859631 21298697.495973 25067114.7463267	12000 28212478.329481 22192315.0620344 26388361.3504598 30295166.8725142
13000 21278506.6576589 19271010.8649178 22156533.4421835 26694958.3230168	13000 28681834.9103201 22260435.5588283 26900605.8264698 31305952.5606367
14000 21999657.2799351 19855182.4862757 23065685.0170825 28478681.8686981	14000 29161705.7961582 22330806.3919128 27428009.7607131 32373789.3525184
15000 22747323.8028877 20462620.435748 24038659.7997629 30437494.6734696	15000 29652358.2573859 22403466.3539294 27971189.3537713 33534890.8992226
16000 23521849.0842701 21017980.6223662 25069360.1299463 32593365.2965459	16000 30154065.6499615 22478455.8813415 28530792.08573 34758548.5419134
17000 24323442.8239687 21584800.6314468 26161948.0598046 34971430.5044517	17000 30667107.4159415 22555817.1152138 29107498.471836 36049255.2761716
18000 25152154.8713313 22168300.1703285 27320912.8976128 37600448.4576199	18000 31191769.0661004 22635593.9653659 29702023.9054077 37411906.4893577
19000 26007845.4987874 22768706.195975 28551096.3518604 40513288.2568593	19000 31728342.1424794 22717832.1780935 30315120.5882102 38851842.9605663
20000 26890152.6220495 23386205.8462636 29857719.4583451 43747437.7521931	20000 32277124.1585107 22802579.4076676 30947579.5473949 40374899.1656761
21000 27798456.0516303 24020940.0280438 31246411.5460802 47345494.8738616	21000 32838418.5141474 22889885.2918326 31600232.7366964 41987457.6223772
22000 28731838.9973643 24672996.4279622 32723241.6332741 51355581.3582765	22000 33412534.3832088 22979801.5315455 32273955.2178294 43696510.1212472
23000 29689047.2214324 25342401.9289033 34315767.3786848 55831576.9598459	23000 33999786.569902 23072381.9752103 32969667.4158541 45509726.8178971
24000 30668446.4494211 26029114.4201937 36023191.3056771 60833010.8914641	24000 34600495.3312263 23167682.7076863 33688337.4396069 47435534.3107656
25000 31667978.9048022 26733013.9960962 37852819.8221197 66424357.9090415	25000 35214986.1616872 23265762.1443643 34325275.1701253 49483204.002528
26000 32685120.1286933 27453893.5445954 39815747.1061442 72673361.9735666	26000 35843589.5364547 23366681.1306303 34926684.2821589 51664867.6384848
27000 33716837.5786261 28191448.7370651 41924260.2743771 79647847.9798636	27000 36486640.6087873 23470503.0470591 35541095.7023644 54022633.8876143
28000 34759552.8566964 28945267.439087 44191987.3259225 87410292.4903159	28000 37144478.8572153 23577293.9207042 36168747.8045968 56539413.3117343
29000 35809109.7815234 29714818.5734565 46634067.1343217 96009250.366096	29000 37817447.6776259 23687122.5428829 36809874.1694768 59229194.588251
30000 36860750.864576 30499440.4782345 49267345.9992052 105466680.226466	30000 38505893.91503 23800060.5938819 37464702.2858759 62107453.7180827
31000 37909105.0456598 31298328.8156251 52110606.6448731 115760484.166802	31000 39210167.3294085 23916182.7750424 38133452.1093292 65191333.666371
32000 38948189.742284 32110524.1015876 55184837.4719118 126802511.586032	32000 39930619.9896344 24035566.9487237 38816334.4655625 68499846.931014
33000 39971430.3238514 32934898.9416715 58513552.5612003 138414286.773304	33000 40667605.5890597 24158294.2866776 39513549.2867874 72054103.7185944
34000 40971699.9810462 33770145.0760825 62123176.7230393 150306040.395598	34000 41421478.6759253 24284449.427413 40225283.6679544 75877568.534525
35000 41941382.5719289 34614760.3572094 66043515.2325338 162068721.062444	35000 42192593.7913238 24414120.6431756 40951709.7297876 79996348.024592
36000 42872460.3465594 35467035.8069632 70308335.4231395 173191418.248715	36000 42981304.5069988 24547400.0172174 41692982.2751691 84439512.7753602
37000 43756627.4570899 36325042.9309577 74956097.87569 183114133.751316	37000 43787962.3548245 24684383.6320876 42449236.225353 89239455.3986411
38000 44585428.8538895 37186621.5040247 80030889.6761766 191314354.242854	38000 44612915.6393689 24825171.7697363 43220583.8225885 94432286.4565597
39000 45350422.5913042 38049368.0895493 85583632.5999948 206332452.940002	39000 45456508.1245116 24969869.1242891 44024441.0936675 100058268.436748
40000 46043361.8036337 38910625.6168254 90094784.0333992 223936683.540848	40000 46319077.5846766 25118585.0284242 44902609.5728118 106162285.789198
41000 46656390.7919339 39767474.4193931 93294492.7914615 241944354.437884	41000 47200954.2108492 25271433.6943608 45801789.4719686 112794345.603659
42000 47182247.952945 40616725.2361232 96249908.2712857 259835087.226491	42000 48102458.8611981 25428534.4705599 46722291.8593565 120010098.304915
43000 47614466.8742062 41454914.7975557 98912261.9030585 276776088.872617	43000 49023901.1458189 25590012.1153275 47664402.8274381 127871360.037973
44000 47947566.0068415 42278304.7624022 101240233.037129 291593742.335739	44000 49965577.3348767 25755997.0886244 48628379.6819577 136446607.210758
45000 48177217.0750919 43082884.9293771 103201689.987598 307374754.621633	45000 50927768.0792682 25926625.8634952 49614446.8507547 145811397.636567
46000 48300382.8985248 43864381.8187792 104774340.599929 320578097.515943	46000 51910735.9328599 26102041.2586618 50622791.5138019 156048650.164432
47000 48315416.6168735 44618273.8809691 105945251.823749 328416273.349045	47000 52914722.6654208 26282392.793968 51653558.960677 167248683.48058
48000 48222116.3511091 45339814.7217462 106735406.401814 330650833.313219	48000 53939946.3555718 26467837.0705136 52706847.6873806 179508872.427697
49000 48021731.9453133 46024065.8059709 103326240.956432 327941232.613976	49000 54986598.2534502 26650034.9312744 53782704.2511585 192932724.113123
50000 47716923.3721829 46665940.0716845 101457858.409486 321708722.946499	50000 56054839.4033633 26831113.2402594 54881117.9098407 207854313.895662
51000 47311673.364354 47260257.7141929 100984907.344195 332892089.481619	51000 57144797.0175197 27016983.7096826 56002015.0812557 224639601.698981
52000 46811159.5620971 47801815.0409602 100195879.305097 367478212.750945	52000 58256560.5930083 27207795.7688516 57145253.6685542 243205438.259096
53000 46221593.6888492 47381050.7010654 99106456.7811539 410336966.175874	53000 59390177.7655891 27403705.7376111 58310617.3087948 263743725.042777
54000 45550036.7932414 46099033.5272591 97731883.1252146 463567650.817992	54000 60545649.8956031 27604877.2176647 59497809.6148985 286453657.294299
55000 44804200.3352042 44921474.8354954 96764095.128895 529262317.033117	55000 61722927.3834508 27811481.5113111 60706448.4949782 311533810.729525
56000 43992242.8466792 43832741.4966463 97485203.7146283 609115638.293531	56000 62921904.7146679 28023698.0698655 61936060.6479776 339169489.213088
57000 43122571.153155 42818492.9737117 97840493.3561801 703566624.122179	57000 64142415.2376975 28241714.9742581 63186076.3502922 369513559.543684
58000 42203653.8534275 41865941.7893734 97828006.419274 810233956.685183	58000 65384225.6810622 28465729.4505427 64455824.6643123 402658693.581507
59000 41243853.1096917 40963929.8587611 97454589.8027088 921701527.899872	59000 66647030.4208193 28695948.4233215 65744529.2162233 438598868.10803
60000 40251278.9926285 38976672.7992181 94914381.4062357 1023706671.76886	60000 67930445.5139915 28932589.1103918 67051304.7064336 477178460.804171
61000 39233668.8325832 36757678.9968955 91770460.9108745 1097401690.31187	61000 69234002.5191241 29175879.6622586 68375154.3310666 518028855.52995
62000 38198292.3890053 34739482.6654606 88641721.323741 1123379529.04203	62000 70557142.1312743 29426059.8505292 69714968.3063139 560495884.185077
63000 37151882.2630719 32906460.3645103 85553412.047612 1093181368.73272	63000 71899207.6655956 29683381.8096297 71069523.6982847 603567504.370846
64000 36100587.8953933 31310405.0508882 82291136.2162315 1015159278.96183	64000 73259438.4312522 29948110.8367495 72437485.7683491 645820149.03176
65000 35049950.7250881 29921798.4196718 77641605.8949346 908348817.201365	65000 74636963.0456744 30220526.2554504 73817411.046863 685412718.772963
66000 34004897.620706 28699434.8244154 72321324.3735843 792471010.780269	66000 76030792.7481091 30500922.3489669 75207752.34552 720164216.618313
67000 32969749.4890235 27595516.2352382 67724571.052624 681494684.642188	67000 77439814.7809771 30789609.3698915 76606865.9093589 747745314.692576
68000 31963690.9559777 26292117.6713331 63766586.9990514 585951026.713731	68000 78862785.9176305 31086914.6336911 78013020.8926685 765985883.29521
69000 31042016.2328146 25141710.2798165 60321486.0347593 507035678.622833	69000 80298326.2255842 31393183.7043473 79424411.3178287 773249508.803898
70000 30200490.2970306 24120336.4734364 57295094.3958145 441722307.674024	70000 81744913.1650214 31708781.6813737 80839170.6418701 768772766.33997
71000 29430438.347584 23208863.1728114 54615418.0553354 387547361.377753	71000 83200876.1331324 32034094.5985497 82255389.0118754 752849032.890837
72000 28724449.7828498 22391831.5666609 52226389.7573943 342643421.650807	72000 84664391.5753844 32369530.9459465 83671133.2373531 726780724.40248
73000 28076159.4021653 21656619.0106367 50083640.5387528 304926277.136698	73000 86133478.794852 32715523.3282226 85084469.4459025 692614596.537916
74000 27480072.7696217 20992820.818268 48151564.2146644 273041635.567506	74000 87605996.5998935 33072530.2737684 86493488.3189269 652758193.818047
75000 26931425.6997582 20391787.4380051 46401232.3461875 245912320.866655	75000 89079640.9383504 33441038.2111079 87896332.7285106 609603067.840827
76000 26426070.3535518 19846273.2841455 44808883.2415359 222681524.717556	76000 90551943.672632 33821563.6310575 89291227.5170908 565247370.718728
77000 25960382.267438 19350167.0239372 43354807.3057391 202665930.513697	77000 92020272.6540265 34214655.4555425 90676511.0810798 521350527.162379
78000 25531183.983666 18898282.118616 42022511.6301478 185318302.357778	78000 93481833.255864 34620897.6367367 92050668.3414439 479103120.777551
79000 25135681.9476657 18486192.504113 40798084.8948408 170198150.562405	79000 94933671.5231933 35040912.0133681 93412364.612113 439272273.407597
80000 24771414.084639 18110102.4862264 39669708.3146027 156948923.99006	80000 96372679.0909183 35475361.4547187 94760479.8148879 403233677.994413
81000 24436206.0315015 17766742.8516088 38627274.6344074 145280331.23567	81000 97795600.0123547 35924953.3271021 96094142.441054 371862656.922521
82000 24128134.4299652 17453287.2693224 37662088.1366598 134954633.836222	82000 99199039.6254738 36390443.3225595 97412762.6288053 343040768.562658
83000 23845496.0166074 17167284.5458305 36786608.2683303 125775994.272281	83000 100579475.564322 36872639.6952794 98716063.7148196 316694040.167072
84000 23586781.5012784 16906603.3772813 36251948.3489237 117582167.734988	84000 101933270.997977 37372407.9579878 100004111.630141 292686267.435961
85000 23350653.4244649 16669387.037068 35753079.7085913 110237992.981974	85000 103256690.148836 37890676.0984545 101277341.546059 270849106.131942
86000 23135927.340742 16454016.0262201 35287539.2951596 103630267.370079	86000 104545916.106043 38428440.3855454 102536581.234936 251001984.506249
87000 22941555.7992215 16259077.1562744 34853130.8537868 97663690.5553326	87000 105797070.908787 38986771.8452051 103783070.692523 232964602.573246
88000 22766614.6904706 16083337.868941 34447891.979621 92257636.7687732	88000 107006237.828496 39566823.4997154 105018477.669678 216564293.676176
89000 22610291.6083715 15925724.8525418 34070066.1776275 87343572.5444064	89000 108169485.729407 40169838.4789743 106244908.878623 201639967.317389
90000 22471875.9391637 15785306.2122733 33718079.0761877 82862979.7559248	90000 109282895.3346 40797159.1308966 107464916.767235 188043861.211105
91000 22350750.4417339 15661276.6046005 33390518.1058462 78765676.2763784	91000 110342587.170668 41450237.2800101 108681501.888693 175715930.902999
92000 22246384.1256675 15552944.8663783 33086115.0845412 75008451.1434367	92000 111344750.910232 42130645.8097313 109898111.027301 168300414.794974
93000 22158326.2686257 15459723.7646187 32803731.2538225 71553949.7706705	93000 112285675.779202 42840091.7756781 108571401.46676 162911313.944984
94000 22086201.4438249 15381121.5691715 32542344.3929882 68522308.6784035	94000 113161781.64699 43580431.2960293 105152815.454065 157518721.331185
95000 22029705.4530109 15316735.2124894 32301037.7043288 67295312.8836394	95000 113969650.374588 44353686.5120262 101927088.755255 152154868.14542
96000 21988602.0813229 15266244.8515647 32078990.2162557 66129381.1951065	96000 114706056.959652 45162064.9693632 98873959.8447289 146847812.636121
97000 21962720.6086352 15229409.6897532 31875468.4946919 65018463.4951598	97000 115367999.991175 46007981.8421761 95975583.2425298 141649368.125053
98000 21951954.0280155 15206064.9526551 31689819.4888033 63957261.3749806	98000 115952730.910732 46894085.5091616 95015724.5983696 137758892.857933
99000 21956257.9363996 15196119.944255 31521464.3665623 62941122.173722	99000 116457781.573977 47823287.1007027 95276521.0744873 135304644.339565
1e+05 21975650.0759348 15199557.1385558 31369893.2200399 61965949.7364856	1e+05 116880989.615959 48798794.772848 93554573.5608291 135784715.376087
101000 22010210.5171285 15216432.2892671 31234660.5407162 61028128.97234	101000 117220521.147526 49824153.6367023 92143252.7206206 138128304.00864
102000 22060082.4873373 15246875.5668765 31115381.3822914 60124461.8496097	102000 117474890.347428 50576370.0367165 91101686.174513 140650443.39761
103000 22125473.8606488 15291093.759797 31011728.1431003 59252112.9075569	103000 117642975.565248 51311498.9242561 90418532.5335482 143340879.569452
104000 22206659.3382209 15349373.6054254 30923427.9128148 58408562.7163307	104000 117724031.612709 52079161.7522662 87152906.5627102 146199067.360749
105000 22303983.3620777 15422086.3491842 30850260.3390839 57591567.999861	105000 117717697.993614 52880361.4579325 83384275.4780145 149224801.904669
106000 22417863.8206622 15509693.6664669 30792055.9794603 57071721.3659368	106000 117624002.903494 53704268.6372672 79944689.1294195 152418093.101405
107000 22548796.62165 15612755.1257145 30748695.1127071 56573797.8949731	107000 117443362.916348 54424360.002096 76825520.5910654 155991739.079103
108000 22697361.2272369 15731937.4229143 30720106.9916174 56079971.8082696	108000 117176578.364979 54221395.8639681 75048619.2286749 160951219.75491
109000 22864227.2700674 15868025.6815736 30706269.5270572 55590259.6579193	109000 116824824.510248 53148444.5744232 74752607.7008176 166096224.672962
110000 23050162.3950826 16021937.1915215 30707209.4002578 55104682.5323232	110000 116389638.680304 51998678.2907015 74628749.1393641 171431921.900452
111000 23256041.5049399 16194738.0598062 30031667.1295693 54623265.2702763	111000 115872903.640629 50932735.6831382 74667106.0385692 176963221.762014
112000 23482857.6257187 16387663.3742841 29361996.4116352 54146035.7656346	112000 115277120.160395 49942578.0031604 74860023.3700509 182694703.880675
113000 23731734.6571574 16602141.6444827 28906064.2648896 53673024.3533252	113000 114647353.981079 49021200.9878531 75201798.6264635 188630536.882718
114000 24003942.3299562 16839824.4975888 28527008.8247495 53204263.2685049	114000 114014894.822598 48162474.4497915 74559090.1684941 194774391.146675
115000 24300913.7646898 17102622.8875195 28593669.6660399 52739786.1715749	115000 113379944.809199 47276825.7953498 72980683.0404958 201129345.362921
116000 24624266.116443 17392751.4464972 28679016.4623979 52279627.7325544	116000 112742702.857341 46246674.0479973 73055197.0778432 207697788.163762
117000 24975824.9014529 17712783.1061747 28783685.7703506 51823823.2690084	117000 112103364.600429 45283437.0803544 73183294.5192156 214481316.701151
118000 25357652.7434557 18056237.0230461 28908425.2565181 51372408.4323372	118000 111462122.320071 44381562.4477253 73363762.9701938 221480634.806104
119000 25772083.4569517 18253946.5462287 29054105.4914325 50925418.9377757	119000 110819164.883724 43536119.9765938 73595567.4908631 228695454.2745
120000 26221762.6140741 18473062.9007041 29221734.0203494 50482890.3339252	120000 110174677.688564 42742717.8309466 73877833.4255967 236124403.898631
121000 26709696.037219 18715402.3485341 29326920.6387345 50129493.2528567	121000 109528842.611459 41997431.8819392 74209830.9438065 243764952.106894
122000 27239308.0429501 18983102.1111173 29111245.825598 49838710.0330715	122000 108881837.964864 41296745.983308 74590960.9975951 251613350.481438
123000 27814511.7640433 19248266.0904606 28904252.8833177 49557468.1927541	123000 108233838.458489 40637501.2373811 75020742.4394244 259664606.98009
124000 28439794.5377543 19256361.2866619 28705721.0699499 49286344.6930918	124000 107585015.16656 40016852.7123012 75498800.0730989 267912499.365236
125000 29120322.2282641 19284140.1576978 28515445.4804653 49025965.3964825	125000 106935535.500511 39432232.3657787 75067816.6076309 276349641.09296
126000 29862067.5332544 19106386.5906183 28333236.3464873 48777012.2696624	126000 106285563.186914 38881317.1633372 74090498.1054257 284967613.677759
127000 30671968.928598 18735038.2829624 28158918.4067365 48540233.7625364	127000 105635258.250491 38362001.563813 73151121.8186129 293757181.241514
128000 31558129.1056153 18386609.3604621 27992482.3406157 48326888.1204621	128000 104984777.001993 37872373.6925259 72247789.6596164 302708604.486498
129000 32530064.8093505 18060401.0770036 27890632.7184836 48146995.336145	129000 104334272.030796 37410694.6411787 71378733.4309767 311812072.600622
130000 33599024.2783408 17755826.0843771 28401984.8317631 48000500.3594902	130000 103683892.202 36975380.4293733 70542304.058544 321058272.512634
131000 34778394.6003603 17472408.5030292 28965504.9830908 47887551.4663076	131000 103033782.657859 36564986.2404373 69736961.8838945 330439115.389758
132000 36084230.1366028 17209785.6109278 29586277.8895306 47808512.1400779	132000 102384084.823353 36178192.6077229 68961267.8965862 339948640.275135
133000 37535946.1474511 16967711.3306279 30273963.4511549 47763977.4767684	133000 101734936.41572 35813793.279562 68213875.8020164 352217078.337879
134000 39157241.1525629 16746061.7628096 30956516.4958412 47754795.9110166	134000 101086471.457744 35470684.533883 67493524.8336641 370579120.956235
135000 40977341.1083828 16547588.8921817 30822108.726633 47782097.3260619	135000 100438820.294651 35147855.7488996 66799033.2297199 390423263.710793
136000 43005197.8881284 16376741.0608315 30764155.2852659 48113498.4271933	136000 99792109.6143884 34844381.0656691 66129292.3037957 411931940.602662
137000 45192208.0454913 16231065.0452697 30773661.7407658 49111569.0692114	137000 99146462.471141 34559412.0028134 65483261.0477972 435317519.144304
138000 47550301.4163458 16108625.0801013 30872212.9815888 50370099.6633958	138000 98501998.3118918 34292170.9041844 64859961.2123232 460827782.645094
139000 50097789.0579178 16007759.21537 31016818.4423637 51818439.6173824	139000 97858833.0058525 34041945.1174664 64258472.8162899 488752442.009208
140000 52855497.5553674 15927038.4076309 31164642.3798381 53298493.4311625	140000 97217078.8765966 33808081.8162068 63677930.0429943 519430871.677047
141000 55847195.139564 15865233.0550202 31315766.0718957 54808445.0463524	141000 96576844.7367238 33589983.3900379 63117517.4846554 553261296.244044
142000 59100104.4013513 15751275.7442998 31470273.6195034 56693775.332625	142000 95938235.9248927 33387103.3382604 62576466.7016884 590711684.446325
143000 62645522.300056 15562780.6970798 31628252.0670866 59516274.3043777	143000 95301354.3450596 33198942.6108345 62054053.0666673 632332628.210318
144000 66519573.8961087 15388769.9684525 31789791.5290981 63261164.7848951	144000 94666298.5077673 33025046.3484027 61549592.8661814 678772482.400473
145000 70764133.7880091 15228338.8839002 31954985.3231529 67393599.8835468	145000 94033163.5733308 32865000.9794804 61062440.6366536 730794990.682405
146000 75427959.257093 15080683.469594 32123930.1101294 71972526.761631	146000 93402041.3967713 32718431.6385501 60591986.7127095 791536047.456766
147000 80568092.5397679 14945088.5817703 32296726.0416638 77068847.7991742	147000 92773020.5743545 32584999.8736448 60137654.9689156 864164274.01879
148000 86251607.7623264 14820917.8253322 32473476.9154956 82768436.2069328	148000 92146186.4915938 32464401.6162141 59698900.7376791 946289203.882858
149000 92557802.7622629 14707604.9660091 32654290.3391552 89176063.0766652	149000 91521621.3725822 32356365.3897351 59275208.8878454 1039403511.52773
150000 99580970.0012586 14604646.5964364 32839277.9025181 96420560.0018997	150000 90899404.3305245 32260650.7367539 58866092.0500865 1145226158.98046
151000 107433928.040956 14511595.8610172 33161868.6450876 104661675.380359	151000 90279611.4193413 32177046.8468782 58471088.9765515 1265709158.27475
152000 116252561.5398 14428057.0799961 33547123.4519703 114099280.072043	152000 89662315.6862258 32105371.3707612 58169084.1831382 1403019551.93888
153000 126201712.385742 14353681.1417803 33946488.2642532 124985873.438851	153000 89047587.2250362 32045469.407367 58041183.5837655 1559475303.02999
154000 137482901.090283 14288161.5557073 34360549.9253489 137668968.072464	154000 88435493.2304114 31997212.653835 57924922.3947896 1737401247.2289
155000 150344557.191795 14231231.0763253 34866069.6240072 152610046.862185	155000 87826098.0525035 31960498.709104 57820195.4452173 1938854557.22451
156000 165095733.72929 14182658.8257303 35558882.5207647 170289869.462594	156000 87219463.2522246 31935250.5241493 57726914.2839231 2165151005.8603
157000 182124727.862117 14142247.8532935 36273182.6096499 191428652.166159	157000 86615647.6569095 31921415.993262 57645006.9181811 2416113455.4445
158000 201924716.016103 14109833.0827534 37009818.8605967 216994272.041398	158000 86014707.4163008 31918967.682279 57574417.6149491 2688986082.78092
159000 225129585.958527 14085279.6055934 37769675.9957719 248308109.701342	159000 85416696.0587686 31927902.6910907 57515106.7636713 2977055442.53273
160000 252564864.439249 14068481.2872036 38553675.5633304 287205068.683125	160000 84821664.5476785 31948242.6491254 57467050.7998057 3268247392.74097
161000 285321445.016489 14059359.6588331 39362776.9439721 336279637.119443	161000 84229661.3378292 31980033.8438623 57430242.1887225 3544339499.75167
162000 324864525.52492 14057863.0739971 40197978.2673644 399269960.471893	162000 83640732.4318832 32023347.4837808 57404689.4700451 3781789564.73077
163000 373198276.513403 14063966.1129969 41060317.2114439 481663227.629482	163000 83054921.4367176 32078280.0985329 57390417.3629442 3955105803.0445
164000 433121188.658704 14077669.2237073 41950871.6529786 591647675.844943	164000 82472269.6196295 32144954.0805549 57387466.9333314 4042665637.06073
165000 508633609.257107 14098998.5909153 42870760.1324866 741563521.303885	165000 81892815.9643302 32223518.3738304 57395895.8243547 4033069407.6133
166000 605609825.009145 14128006.2303761 43586386.9196978 949881162.599039	166000 81316597.2266685 32314149.3171162 57450774.3093431 3928879824.81243
167000 732948759.171788 14164770.3075 44016694.0544839 1242905879.07608	167000 80743647.9900277 32417051.6506647 57585546.1513245 3745574339.54798
168000 904631218.382344 14209395.6842943 44464680.2764264 1651993844.2097	168000 80174000.7203427 32532459.6973549 57732632.9950659 3506377891.88806
169000 1143587625.40931 14262014.7019588 44930947.6976487 2191782183.3498	169000 79607685.8206881 32660638.7312203 57892222.408627 3235879785.82535
170000 1489410405.66622 14322788.2104784 45416143.6115476 2791274944.02166	170000 79044731.6853925 32801886.548668 58064521.375375 2955219450.54583
171000 2014831452.07043 14391906.8607689 45920963.7681898 3205263890.40648	171000 78485164.7536352 32956535.2602735 58249757.0604508 2679905178.00869
172000 2863856330.65516 14469592.679537 46446156.0175995 3147273586.22499	172000 77929009.5624865 33124953.3239596 58448177.6667004 2419781248.06526
173000 4348073649.3861 14556100.9521451 46992524.3652786 2663319974.93723	173000 77376288.7993561 33307547.8436957 58660053.3865912 2180111175.58004
174000 7207645482.12904 14651722.4445681 47560933.491114 2062584982.7116	174000 76827023.3538147 33504767.1616531 58885677.4575081 1962934885.16292
175000 13254951959.765 14756786.0021868 48152313.7908069 1550082283.17911	175000 76281232.3687601 33717103.776125 59125367.3287883 1768255007.43824
176000 24942182283.1836 14871661.570877 48767667.0083329 1169039398.89787	176000 75738933.2908982 33945097.6225593 59379465.949937 1594913182.19768
177000 30591120608.71 14996763.6949055 49408072.5390032 897303243.326849	177000 75200141.9205153 34189339.7609031 59648343.190676 1441173881.07464
178000 18785337582.0431 15132555.5568298 50074694.4957835 703795373.801404	178000 74664872.4605177 34450476.5192607 59932397.4048342 1305085387.22562
179000 9830515031.63254 15279553.6373304 50768789.6470798 563980867.62101	179000 74133137.5647196 34729214.1518236 60232057.1516241 1184688815.95792
180000 5612856126.24681 15438333.0881587 51491716.3527415 460926874.453335	180000 73604948.3853594 35026324.0783532 60547783.0895791 1078130322.4707
181000 3539221152.68764 15609533.9297835 52244944.6472299 383364128.776754	181000 73080314.6198306 35342648.7834841 60880070.0603879 983714480.352504
182000 2410330019.4131 15793868.2076352 53030067.6455788 323805745.270902	182000 72559244.5566115 35667578.3437874 61229449.3820972 899923300.636054
183000 1738643209.17049 15992128.2680699 54202927.3209816 277218026.752773	183000 72041745.1203835 35984800.6125695 61596491.3736943 825416036.99566
184000 1309948820.95235 16205196.3485606 55601609.5498872 240558452.66817	184000 71527821.9163262 36183886.9418462 61981808.1359875 759018906.85224
185000 1020863017.88992 16434055.7177973 57124960.3962357 211606016.84515	185000 71017479.273583 36348741.9360455 62386056.6170302 699710114.452991
186000 817203518.162094 16679803.6524409 58789869.7041006 188106565.674885	186000 70510720.2878886 36490051.4360632 62809941.9941576 646603277.541199
187000 668558824.305966 16851652.8145669 60616663.9930769 168825713.469232	187000 70007546.8633545 36641854.818005 63254221.4091005 598930981.334604
188000 556863787.253801 16986218.7244503 61618312.3126069 152855379.254002	188000 69507959.7534091 36805577.8771583 63719708.0977238 556029360.381099
189000 470868504.911007 17131914.2181211 61368392.8034957 139516951.089871	189000 69011958.6008897 36981559.8569917 64207275.9618067 517324123.252338
190000 403283320.586995 17289597.8604941 61158403.97881 128472507.422523	190000 68519541.9772846 37170171.184161 64717864.637103 482318154.400071
191000 349222399.429201 17460237.5015541 61875515.1011764 119782373.183442	191000 68030707.4211286 37371815.7543751 65252485.1198442 450580671.035955
192000 305314567.819152 17644926.9197382 63090614.6695951 112863174.045164	192000 67545451.47555 37586933.4948417 65812226.0231003 421737831.206733
193000 269174405.55892 17844905.6954595 63430385.7001761 108786096.080491	193000 67063769.7249739 37816003.2388192 66398260.5452294 395464652.019787
194000 239076376.549684 18061583.0623939 63149932.2277518 109858661.906464	194000 66585656.8309849 38059545.9536291 67011854.2453381 371478085.613867
195000 213747773.539836 18296566.6894647 62901874.0025506 112520393.020032	195000 66111106.5673533 38318128.370399 67654373.7356082 349531103.560088
196000 192233529.161606 18551697.6173839 62689136.5330959 116888430.27758	196000 65640111.854231 38592367.0720365 68327296.4179688 329407650.986404
197000 173805789.67908 18829092.9342848 62514393.7767955 121463462.635871	197000 65172664.7915226 38882933.1057739 69032221.4134593 310918345.69535
198000 157902108.297883 19131198.2597379 62381455.283886 126258094.963438	198000 64708756.6914391 39190557.19844 69770881.8574192 293896812.470613
199000 144082370.891572 19460852.7645874 62324382.2844545 133380209.740872	199000 64248378.110242 39516035.6668661 70545158.763188 278196557.292779
2e+05 131998244.678995 19821370.3573667 62339885.4455054 142750649.050865	2e+05 63791518.8791859 39860237.1330912 71357096.6923476 263688299.611838
